0 0.38828125 0.25078125 0.053125 0.0390625
0 0.3265625 0.2984375 0.05390625 0.03984375
0 0.38828125 0.34765625 0.05234375 0.040625
0 0.44921875 0.39765625 0.05390625 0.0390625
0 0.3875 0.44609375 0.05546875 0.04296875
0 0.2015625 0.49453125 0.05625 0.0421875
0 0.38828125 0.54375 0.05625 0.0375
0 0.3265625 0.59375 0.05390625 0.040625
0 0.3859375 0.63984375 0.0546875 0.04140625
0 0.2625 0.6890625 0.05703125 0.04453125
0 0.38671875 0.74140625 0.053125 0.0421875
0 0.3234375 0.790625 0.05546875 0.0421875
0 0.384375 0.84140625 0.05703125 0.04140625
0 0.4484375 0.88984375 0.05390625 0.040625
0 0.38125 0.94140625 0.05390625 0.04296875
0 0.6796875 0.25390625 0.053125 0.03984375
0 0.8 0.30078125 0.053125 0.040625
0 0.7390625 0.3484375 0.053125 0.03984375
0 0.8 0.39765625 0.0546875 0.040625
0 0.8609375 0.446875 0.0515625 0.03984375
0 0.80078125 0.49453125 0.05234375 0.040625
0 0.6796875 0.54296875 0.053125 0.04140625
0 0.80078125 0.59296875 0.05234375 0.040625
0 0.68125 0.64140625 0.053125 0.040625
0 0.80078125 0.690625 0.05234375 0.03984375
0 0.6171875 0.73984375 0.059375 0.0421875
0 0.80234375 0.7890625 0.05234375 0.04140625
0 0.86328125 0.8390625 0.05234375 0.0421875
0 0.80234375 0.88828125 0.0546875 0.0453125
0 0.6765625 0.93984375 0.0515625 0.040625