0 0.2653645833333333 0.26257523148148143 0.05194444444444439 0.04046296296296301
0 0.38234375 0.31887731481481485 0.053587962962962976 0.0421180555555555
0 0.37991319444444444 0.36575231481481485 0.052025462962962975 0.042025462962963014
0 0.1948784722222222 0.3524363425925926 0.055069444444444435 0.04064814814814817
0 0.2532638888888889 0.4052662037037037 0.05366898148148156 0.0436805555555555
0 0.37328703703703703 0.46331597222222226 0.05819444444444448 0.04083333333333332
0 0.30757523148148147 0.5064409722222223 0.05350694444444439 0.0405555555555555
0 0.36513888888888885 0.560005787037037 0.055312499999999966 0.04533564814814817
0 0.42262152777777773 0.6151331018518519 0.05523148148148156 0.043773148148148165
0 0.41920717592592593 0.6658680555555556 0.055312499999999966 0.04533564814814817
0 0.3516898148148148 0.7135879629629629 0.05366898148148156 0.0436805555555555
0 0.2858159722222222 0.759837962962963 0.05523148148148147 0.043773148148148165
0 0.3448611111111111 0.8150578703703703 0.05523148148148147 0.043773148148148165
0 0.40806134259259264 0.8203703703703704 0.055312499999999966 0.04533564814814817
0 0.14847800925925925 0.8543576388888889 0.05523148148148147 0.043773148148148165
0 0.2082233796296296 0.9111863425925926 0.05843749999999996 0.04552083333333314
0 0.13441550925925924 0.9593171296296298 0.05679398148148147 0.043865740740740476
0 0.26332175925925927 0.9669560185185185 0.05523148148148147 0.043773148148148165
0 0.6768402777777778 0.29166087962962967 0.052025462962962975 0.042025462962963014
0 0.7337442129629629 0.34283564814814815 0.05194444444444457 0.04046296296296301
0 0.7327951388888889 0.39136574074074076 0.05671296296296298 0.042303240740740745
0 0.6061458333333334 0.43087962962962967 0.05194444444444439 0.04046296296296283
0 0.7904398148148147 0.4433680555555556 0.05194444444444439 0.04046296296296283
0 0.6652719907407407 0.484537037037037 0.05194444444444439 0.04046296296296283
0 0.662800925925926 0.5321932870370369 0.055069444444444574 0.04064814814814817
0 0.597829861111111 0.5761458333333334 0.05366898148148138 0.0436805555555555
0 0.8442939814814814 0.6440393518518519 0.05210648148148138 0.043587962962962835
0 0.7807638888888888 0.6904282407407407 0.05523148148148138 0.043773148148148165
0 0.714849537037037 0.7374594907407407 0.05523148148148156 0.043773148148148165
0 0.7754166666666666 0.7935532407407407 0.05523148148148138 0.043773148148148165
0 0.8360243055555557 0.8488657407407407 0.05687500000000014 0.04542824074074083
0 0.7076099537037036 0.8921932870370369 0.05523148148148138 0.04377314814814781
0 0.7048553240740741 0.9453182870370369 0.05523148148148138 0.04377314814814781
0 0.759994212962963 0.9892100694444445 0.05523148148148138 0.021579861111111143