0 0.21640625 0.23515625 0.05234375 0.0375
0 0.21796875 0.2828125 0.04921875 0.03671875
0 0.7578125 0.23671875 0.0484375 0.0375
0 0.28203125 0.5296875 0.05078125 0.0375
0 0.34296875 0.3328125 0.05 0.0375
0 0.69765625 0.284375 0.04765625 0.0375
0 0.46875 0.43125 0.04921875 0.03671875
0 0.28046875 0.38203125 0.05078125 0.0375
0 0.69921875 0.3328125 0.0484375 0.03671875
0 0.76015625 0.38046875 0.0484375 0.0359375
0 0.89140625 0.578125 0.04921875 0.03671875
0 0.34375 0.58203125 0.05 0.0375
0 0.70234375 0.528125 0.0484375 0.03671875
0 0.2125 0.8921875 0.0515625 0.03984375
0 0.34375 0.48125 0.05 0.0375
0 0.70078125 0.43046875 0.04921875 0.03828125
0 0.76796875 0.62890625 0.04765625 0.03671875
0 0.46953125 0.68203125 0.05 0.0390625
0 0.7640625 0.478125 0.05 0.03671875
0 0.7078125 0.68046875 0.04921875 0.0375
0 0.4703125 0.8375 0.05 0.03984375
0 0.27890625 0.78828125 0.0515625 0.040625
0 0.34375 0.63203125 0.0515625 0.0375
0 0.83515625 0.7828125 0.05078125 0.0390625
0 0.64609375 0.73359375 0.0515625 0.0390625
0 0.7109375 0.83515625 0.05078125 0.0390625
0 0.27890625 0.89140625 0.05234375 0.040625
0 0.7125 0.8875 0.0515625 0.03984375
0 0.40625 0.73515625 0.053125 0.03984375
0 0.33828125 0.94375 0.0515625 0.03984375
0 0.7078125 0.93984375 0.0515625 0.0390625