0 0.22469907407407405 0.23800925925925923 0.05526620370370372 0.04068287037037042
0 0.2240277777777778 0.2833217592592593 0.0568518518518518 0.04229166666666666
0 0.22019675925925924 0.33088541666666665 0.055312499999999966 0.043807870370370414
0 0.21637731481481484 0.37766782407407407 0.055335648148148134 0.045370370370370415
0 0.21253472222222225 0.4260127314814815 0.053726851851851797 0.04219907407407408
0 0.2094733796296296 0.474380787037037 0.05528935185185189 0.04224537037037024
0 0.20641203703703703 0.5227488425925926 0.055312500000000056 0.043807870370370414
0 0.20174189814814816 0.5741956018518518 0.05999999999999996 0.04394675925925924
0 0.19789930555555557 0.6225405092592593 0.0584837962962963 0.04702546296296291
0 0.19401041666666669 0.6740104166666667 0.05689814814814818 0.04541666666666657
0 0.1916724537037037 0.7263078703703704 0.05846064814814813 0.045462962962962906
0 0.1877835648148148 0.7777777777777779 0.0584837962962963 0.04702546296296291
0 0.18309027777777778 0.830787037037037 0.0600462962962963 0.04707175925925924
0 0.17917824074074074 0.8838194444444444 0.0600462962962963 0.04707175925925924
0 0.17291087962962964 0.9375636574074073 0.06321759259259259 0.050289351851851904
0 0.6884490740740741 0.27285300925925926 0.05214120370370381 0.04059027777777775
0 0.6885706018518519 0.3174074074074074 0.05214120370370381 0.04059027777777775
0 0.6871064814814816 0.3634780092592592 0.050578703703703806 0.04054398148148142
0 0.686400462962963 0.4111342592592592 0.050578703703703806 0.0405439814814816
0 0.6857060185185185 0.4580092592592592 0.05057870370370363 0.0405439814814816
0 0.68421875 0.505642361111111 0.05370370370370381 0.04063657407407408
0 0.6843055555555555 0.5525405092592592 0.05372685185185198 0.04219907407407408
0 0.6819907407407408 0.6032754629629629 0.052164351851851976 0.04215277777777793
0 0.6828472222222223 0.6509780092592592 0.053750000000000145 0.043761574074074085
0 0.6813020833333333 0.7025173611111111 0.05531250000000014 0.04380787037037024
0 0.6797858796296297 0.804861111111111 0.053726851851851797 0.042199074074074264
0 0.6774710648148148 0.8555960648148148 0.055335648148148134 0.04537037037037024
0 0.6782349537037037 0.9095486111111111 0.0537962962962963 0.04688657407407391
0 0.6720023148148149 0.960949074074074 0.055358796296296295 0.046932870370370236
0 0.6805497685185184 0.7532986111111111 0.055335648148148134 0.04537037037037024