0 0.45944444444444443 0.27611689814814816 0.052430555555555536 0.0421180555555555
0 0.8678819444444444 0.2932986111111111 0.049270833333333285 0.04037037037037035
0 0.4605034722222222 0.32377314814814817 0.050868055555555534 0.042025462962963014
0 0.8697222222222223 0.3410011574074074 0.050868055555555715 0.042025462962962924
0 0.46546875 0.3716608796296296 0.04930555555555571 0.04193287037037034
0 0.47368055555555555 0.5656423611111111 0.050868055555555534 0.042025462962963014
0 0.8814930555555556 0.4844791666666667 0.04930555555555571 0.04193287037037034
0 0.4692013888888889 0.4694097222222222 0.050868055555555534 0.042025462962963014
0 0.4673090277777778 0.4193634259259259 0.050868055555555534 0.042025462962962834
0 0.4718055555555555 0.5163773148148147 0.050833333333333286 0.04046296296296301
0 0.4755729166666667 0.6156886574074074 0.050868055555555534 0.042025462962962834
0 0.8764930555555555 0.43502893518518515 0.049270833333333285 0.04037037037037035
0 0.8856597222222222 0.5315393518518519 0.050833333333333286 0.04046296296296283
0 0.8746527777777778 0.38732638888888893 0.049270833333333285 0.04037037037037035
0 0.48015625 0.7166087962962964 0.052465277777777784 0.0436805555555555
0 0.8898958333333333 0.5817245370370371 0.050868055555555715 0.042025462962962834
0 0.48321180555555554 0.8189988425925925 0.052465277777777784 0.043680555555555854
0 0.8967534722222222 0.6796585648148148 0.05090277777777778 0.04358796296296301
0 0.4878298611111111 0.9214814814814816 0.05250000000000003 0.0452430555555555
0 0.48286458333333326 0.7682638888888889 0.052465277777777784 0.0436805555555555
0 0.48670138888888886 0.8707002314814816 0.05250000000000003 0.0452430555555555
0 0.8994791666666666 0.7320949074074073 0.052465277777777784 0.0436805555555555
0 0.9157465277777778 0.9374768518518518 0.05249999999999986 0.0452430555555555
0 0.9052951388888889 0.7831539351851852 0.052465277777777784 0.0436805555555555
0 0.48588541666666674 0.9744212962962961 0.052465277777777784 0.043680555555555854
0 0.9072048611111111 0.8339814814814815 0.052465277777777784 0.0436805555555555
0 0.9122916666666667 0.887337962962963 0.05409722222222228 0.04689814814814817
0 0.8917708333333334 0.6309895833333333 0.050868055555555715 0.042025462962963014
0 0.9137847222222222 0.9847019675925927 0.050833333333333286 0.03059606481481474
0 0.47824652777777776 0.66578125 0.052465277777777784 0.0436805555555555