0 0.1911111111111111 0.6697511574074074 0.05502314814814815 0.04612268518518512
0 0.18837962962962965 0.7221296296296297 0.053425925925925946 0.041412037037036956
0 0.6211631944444445 0.7196238425925926 0.050289351851851904 0.0398032407407408
0 0.3157233796296296 0.8257002314814816 0.051874999999999984 0.04295138888888914
0 0.68328125 0.7702604166666667 0.05030092592592581 0.04136574074074062
0 0.8632118055555555 0.41841435185185183 0.048715277777777996 0.03821759259259263
0 0.4511805555555556 0.46670138888888885 0.050289351851851904 0.03980324074074062
0 0.32884259259259263 0.3200925925925926 0.050277777777777824 0.03824074074074071
0 0.7433680555555556 0.5678298611111112 0.050277777777777644 0.03824074074074062
0 0.3230960648148148 0.568587962962963 0.051851851851851906 0.039826388888888786
0 0.25866898148148143 0.6187557870370369 0.05341435185185191 0.039849537037036954
0 0.25282986111111116 0.7742939814814814 0.05342592592592599 0.041412037037036956
0 0.45152777777777775 0.41982638888888885 0.050277777777777644 0.03824074074074062
0 0.8054976851851852 0.6169039351851853 0.050289351851851904 0.03980324074074062
0 0.6206944444444444 0.46653356481481484 0.04871527777777764 0.03821759259259263
0 0.809837962962963 0.8746238425925927 0.05031250000000007 0.04292824074074062
0 0.3770428240740741 0.8786921296296295 0.053449074074074066 0.04453703703703695
0 0.8018576388888888 0.3701099537037037 0.048715277777777996 0.03821759259259263
0 0.38675925925925925 0.516087962962963 0.050277777777777734 0.0382407407407408
0 0.3901851851851852 0.36995949074074075 0.050277777777777824 0.0382407407407408
0 0.8691840277777778 0.6667361111111111 0.0487268518518519 0.03978009259259263
0 0.7461689814814815 0.8224479166666667 0.05186342592592581 0.04138888888888879
0 0.6812615740740741 0.515630787037037 0.050289351851851904 0.0398032407407408
0 0.7412789351851852 0.3225752314814815 0.04715277777777782 0.03819444444444446
0 0.6807002314814815 0.27504050925925927 0.04871527777777782 0.03821759259259263
0 0.26904513888888887 0.2725462962962963 0.04871527777777782 0.03821759259259263
0 0.4360069444444445 0.93328125 0.051875000000000074 0.04295138888888914
0 0.8696122685185184 0.9252951388888888 0.05030092592592581 0.04136574074074062
0 0.6201215277777777 0.22750578703703703 0.050277777777777644 0.03824074074074071
0 0.20847222222222223 0.2242303240740741 0.050277777777777824 0.0382407407407408