0 0.2761111111111111 0.2270833333333333 0.05559027777777779 0.04143518518518512
0 0.3327951388888889 0.2770081018518519 0.054062500000000034 0.04297453703703704
0 0.6256944444444444 0.24064814814814817 0.049270833333333285 0.03821759259259263
0 0.6778645833333333 0.38826388888888885 0.050868055555555534 0.0398032407407408
0 0.68234375 0.29213541666666665 0.049270833333333285 0.03821759259259263
0 0.2524826388888889 0.517181712962963 0.054027777777777786 0.041412037037036956
0 0.38414930555555554 0.4261979166666666 0.050868055555555534 0.03980324074074062
0 0.6726041666666667 0.4844039351851851 0.052430555555555716 0.039826388888888786
0 0.7353298611111111 0.43817708333333333 0.050868055555555715 0.0398032407407408
0 0.24821180555555555 0.5687905092592592 0.054027777777777786 0.041412037037036956
0 0.44921875 0.3799363425925926 0.052430555555555536 0.03982638888888897
0 0.31831597222222224 0.47168981481481487 0.052430555555555536 0.039826388888888786
0 0.7991145833333333 0.3442939814814815 0.050868055555555534 0.0398032407407408
0 0.6676388888888889 0.5321180555555556 0.050868055555555534 0.03980324074074062
0 0.2389236111111111 0.6704571759259259 0.054027777777777786 0.041412037037036956
0 0.17147569444444444 0.7183159722222221 0.054027777777777786 0.041412037037036956
0 0.7239236111111111 0.63515625 0.052465277777777784 0.04138888888888896
0 0.6664930555555555 0.5836805555555555 0.052430555555555536 0.039826388888888786
0 0.7829166666666667 0.6866087962962963 0.05090277777777778 0.0413657407407408
0 0.24321180555555558 0.6180671296296296 0.054027777777777786 0.041412037037036956
0 0.23121527777777776 0.7713194444444444 0.05250000000000003 0.04295138888888896
0 0.6542534722222222 0.7830150462962964 0.052465277777777784 0.04138888888888879
0 0.718576388888889 0.7352025462962963 0.054027777777777786 0.041412037037036956
0 0.22427083333333334 0.8729513888888889 0.05718750000000004 0.043020833333333286
0 0.41585069444444445 0.8271585648148149 0.055625000000000036 0.04299768518518512
0 0.6515451388888889 0.8346006944444444 0.05250000000000003 0.04295138888888914
0 0.6496354166666667 0.8853935185185187 0.055659722222222284 0.04456018518518547
0 0.2153298611111111 0.9238483796296297 0.055625000000000036 0.04299768518518547
0 0.6414756944444445 0.9362789351851852 0.05253472222222229 0.044513888888888783
0 0.3902256944444445 0.3284837962962963 0.052465277777777784 0.04138888888888896