0 0.19398726851851852 0.24912037037037038 0.050555555555555555 0.03787037037037031
0 0.1920775462962963 0.4835069444444445 0.05370370370370372 0.039456018518518474
0 0.6000752314814815 0.4740277777777777 0.048993055555555644 0.037858796296296404
0 0.6033391203703704 0.5701562499999999 0.050555555555555645 0.03787037037037031
0 0.3758796296296296 0.5762847222222222 0.050555555555555645 0.03787037037037031
0 0.6097627314814815 0.7694444444444445 0.050601851851851974 0.04099537037037031
0 0.4341724537037036 0.3860706018518519 0.050578703703703806 0.03943287037037031
0 0.6121643518518518 0.8710358796296296 0.0506018518518518 0.04099537037037031
0 0.1935763888888889 0.4350752314814814 0.052118055555555556 0.03788194444444457
0 0.8537152777777777 0.810318287037037 0.05216435185185162 0.04100694444444457
0 0.25250000000000006 0.7824247685185185 0.053749999999999964 0.042581018518518476
0 0.6106307870370371 0.9218113425925925 0.05218749999999996 0.04256944444444457
0 0.18066550925925928 0.9373784722222223 0.05689814814814813 0.044166666666666646
0 0.7750578703703704 0.42375578703703703 0.047407407407407474 0.03628472222222214
0 0.6049768518518519 0.6178298611111112 0.050578703703703806 0.03943287037037031
0 0.6503877314814815 0.24234375 0.04584490740740747 0.03627314814814815
0 0.19340277777777776 0.34131365740740743 0.050555555555555555 0.03787037037037031
0 0.7799421296296296 0.5159895833333333 0.047407407407407474 0.03628472222222214
0 0.6545023148148148 0.33379050925925924 0.04743055555555564 0.03784722222222214
0 0.5975347222222223 0.3818113425925926 0.048969907407407476 0.03629629629629631
0 0.594224537037037 0.28880787037037037 0.048993055555555644 0.037858796296296224
0 0.2542650462962963 0.29410300925925925 0.048993055555555554 0.037858796296296224
0 0.19146412037037036 0.6303935185185185 0.05370370370370372 0.039456018518518474
0 0.19214120370370372 0.5319502314814815 0.052118055555555556 0.03788194444444457
0 0.7301273148148149 0.714079861111111 0.0506018518518518 0.04099537037037031
0 0.6057986111111111 0.6678414351851851 0.052164351851851795 0.041006944444444395
0 0.18766203703703704 0.8342939814814814 0.053750000000000006 0.042581018518518476
0 0.3142303240740741 0.6766203703703704 0.05057870370370372 0.03943287037037031
0 0.18917824074074074 0.7319502314814814 0.052164351851851885 0.04100694444444457
0 0.3158969907407408 0.8805613425925927 0.052164351851851795 0.04100694444444457