0 0.2125 0.2515625 0.05 0.0375
0 0.67890625 0.25078125 0.046875 0.0359375
0 0.61953125 0.29921875 0.04765625 0.03671875
0 0.271875 0.3453125 0.0484375 0.0359375
0 0.271875 0.44140625 0.04921875 0.0359375
0 0.33125 0.29765625 0.05078125 0.03671875
0 0.61953125 0.4421875 0.0484375 0.0359375
0 0.20546875 0.6359375 0.05 0.03671875
0 0.8015625 0.34609375 0.04921875 0.03671875
0 0.865625 0.53828125 0.04921875 0.0375
0 0.39140625 0.5375 0.04765625 0.0359375
0 0.33203125 0.39296875 0.046875 0.03515625
0 0.3296875 0.5875 0.04921875 0.0359375
0 0.8015625 0.39375 0.04921875 0.0359375
0 0.74140625 0.4890625 0.04765625 0.03515625
0 0.2703125 0.4890625 0.0484375 0.0359375
0 0.68203125 0.58828125 0.0484375 0.03671875
0 0.328125 0.68671875 0.04921875 0.0375
0 0.45078125 0.78828125 0.04921875 0.0375
0 0.74453125 0.6375 0.04921875 0.0375
0 0.68359375 0.68671875 0.04921875 0.0375
0 0.2640625 0.8875 0.04921875 0.03828125
0 0.3890625 0.7375 0.04921875 0.03828125
0 0.8078125 0.7390625 0.05078125 0.0390625
0 0.45 0.8375 0.04921875 0.0390625
0 0.746875 0.78828125 0.05 0.03828125
0 0.74765625 0.890625 0.05 0.03984375
0 0.3203125 0.93828125 0.04921875 0.0390625
0 0.80703125 0.94296875 0.05078125 0.0390625
0 0.68515625 0.8375 0.04921875 0.0390625