0 0.45859375 0.2484375 0.05078125 0.03828125
0 0.8671875 0.2484375 0.04765625 0.0359375
0 0.4578125 0.29609375 0.04921875 0.03828125
0 0.8671875 0.29609375 0.04921875 0.0375
0 0.46015625 0.34375 0.0484375 0.0375
0 0.4609375 0.5375 0.05 0.0375
0 0.87265625 0.4390625 0.0484375 0.0375
0 0.46015625 0.44140625 0.04921875 0.03828125
0 0.46015625 0.39140625 0.04921875 0.0375
0 0.4609375 0.48828125 0.04921875 0.03671875
0 0.4609375 0.5875 0.04921875 0.0375
0 0.8703125 0.38984375 0.04765625 0.03671875
0 0.875 0.4859375 0.04921875 0.03671875
0 0.8703125 0.3421875 0.0484375 0.0359375
0 0.46171875 0.68828125 0.05078125 0.0390625
0 0.87734375 0.5359375 0.04921875 0.0375
0 0.46015625 0.790625 0.0515625 0.03984375
0 0.88046875 0.634375 0.04921875 0.0390625
0 0.4609375 0.89296875 0.0515625 0.040625
0 0.4625 0.73984375 0.0515625 0.03984375
0 0.46171875 0.8421875 0.0515625 0.040625
0 0.88125 0.68671875 0.0515625 0.0390625
0 0.8890625 0.89140625 0.0515625 0.040625
0 0.88515625 0.7375 0.0515625 0.0390625
0 0.45703125 0.94609375 0.0515625 0.03984375
0 0.88515625 0.78828125 0.0515625 0.03984375
0 0.8875 0.84140625 0.05234375 0.0421875
0 0.87734375 0.58515625 0.04921875 0.03828125
0 0.88515625 0.94375 0.05 0.03671875
0 0.46171875 0.6375 0.0515625 0.03984375