0 0.16940393518518518 0.26807291666666666 0.05843749999999996 0.04510416666666668
0 0.7064236111111111 0.2598842592592593 0.052025462962962975 0.04165509259259261
0 0.23271990740740742 0.31600694444444444 0.05366898148148156 0.04329861111111111
0 0.3587789351851852 0.36249421296296297 0.05366898148148147 0.04329861111111111
0 0.17411458333333335 0.6153414351851852 0.05679398148148147 0.043460648148148096
0 0.7689988425925925 0.3069965277777778 0.05210648148148138 0.04321759259259261
0 0.7742534722222223 0.4020543981481481 0.05210648148148138 0.04321759259259252
0 0.3615277777777778 0.4605555555555556 0.05523148148148147 0.04337962962962969
0 0.7764293981481482 0.45073495370370364 0.053587962962962976 0.041736111111111286
0 0.8398668981481482 0.4963252314814815 0.05366898148148138 0.04329861111111111
0 0.3023958333333333 0.5585416666666667 0.05679398148148147 0.043460648148148096
0 0.6592418981481482 0.5504108796296296 0.053587962962962976 0.041736111111111106
0 0.3609953703703704 0.4103935185185185 0.05523148148148147 0.04337962962962969
0 0.36288194444444444 0.5099768518518519 0.053587962962962976 0.041736111111111106
0 0.7108969907407408 0.3549016203703704 0.05210648148148138 0.04321759259259252
0 0.7852199074074073 0.5984606481481481 0.05523148148148138 0.04337962962962969
0 0.787355324074074 0.6479224537037037 0.05531250000000014 0.04494212962962969
0 0.4321527777777778 0.7603240740740741 0.055312499999999966 0.04494212962962969
0 0.3653414351851852 0.6589409722222223 0.05687499999999997 0.0450231481481481
0 0.7901909722222222 0.6989872685185186 0.05366898148148156 0.04329861111111111
0 0.30629629629629634 0.8156828703703705 0.055312499999999966 0.04494212962962969
0 0.7979976851851852 0.8505787037037038 0.056956018518518545 0.0465856481481481
0 0.731105324074074 0.7507581018518519 0.05366898148148138 0.04329861111111111
0 0.3673148148148148 0.7115277777777778 0.055312499999999966 0.04494212962962969
0 0.7959837962962963 0.798773148148148 0.05531250000000014 0.04494212962962969
0 0.37236689814814816 0.916244212962963 0.05703703703703704 0.04814814814814809
0 0.799681712962963 0.9540682870370369 0.05687500000000014 0.0450231481481481
0 0.7380497685185186 0.9038715277777778 0.057037037037036956 0.04814814814814809
0 0.36961226851851847 0.969369212962963 0.056956018518518545 0.0465856481481481
0 0.3711747685185185 0.8636979166666666 0.056956018518518545 0.0465856481481481
0 0.05325810185185185 0.6498090277777777 0.01030092592592593 0.07844907407407398