0 0.21288194444444444 0.251099537037037 0.05543981481481479 0.04103009259259256
0 0.41139467592592593 0.4307291666666667 0.05065972222222222 0.039293981481481485
0 0.8428703703703704 0.33211805555555557 0.04744212962962955 0.03761574074074074
0 0.7250231481481482 0.29033564814814816 0.04891203703703706 0.03611111111111107
0 0.3048668981481481 0.52734375 0.05396990740740737 0.04253472222222214
0 0.8022395833333335 0.42259837962962965 0.050567129629629906 0.03773148148148149
0 0.48994791666666665 0.5723958333333334 0.05231481481481488 0.0409143518518519
0 0.4573553240740741 0.3381076388888889 0.05387731481481488 0.04097222222222223
0 0.7609664351851853 0.5153935185185186 0.05378472222222221 0.039409722222222145
0 0.37526620370370367 0.6234953703703704 0.05543981481481479 0.041030092592592736
0 0.6827835648148148 0.37997685185185187 0.050567129629629545 0.03773148148148149
0 0.3919212962962963 0.7730034722222221 0.05396990740740746 0.04253472222222214
0 0.7184085648148149 0.612818287037037 0.05065972222222222 0.039293981481481485
0 0.9261168981481482 0.8029224537037039 0.05084490740740719 0.04241898148148167
0 0.7573032407407407 0.8613715277777778 0.055624999999999855 0.044155092592592385
0 0.6376041666666666 0.4726273148148148 0.05065972222222222 0.039293981481481485
0 0.6744270833333333 0.7125289351851851 0.05231481481481488 0.0409143518518519
0 0.4411863425925926 0.6703703703703704 0.05075231481481488 0.04085648148148131
0 0.3427488425925926 0.877199074074074 0.055625000000000036 0.044155092592592385
0 0.8426909722222222 0.657957175925926 0.05075231481481488 0.04085648148148149
0 0.2628587962962963 0.7261284722222222 0.05709490740740737 0.04265046296296297
0 0.8808969907407407 0.9080439814814815 0.057187499999999857 0.044212962962962975
0 0.5285185185185185 0.9207175925925926 0.057187499999999857 0.044212962962962975
0 0.886076388888889 0.5613425925925926 0.04891203703703724 0.03611111111111107
0 0.8010995370370371 0.7585358796296295 0.05231481481481488 0.0409143518518519
0 0.6046932870370371 0.2461226851851852 0.04569444444444439 0.03443287037037042
0 0.33633680555555556 0.29542824074074076 0.05231481481481479 0.04091435185185181
0 0.28715856481481483 0.3863715277777778 0.05553240740740737 0.04259259259259256
0 0.23738425925925927 0.4804108796296296 0.05553240740740737 0.04259259259259274
0 0.5208912037037037 0.8183159722222222 0.05571759259259253 0.04571759259259238