0 0.18159722222222222 0.23104166666666667 0.054629629629629625 0.044166666666666646
0 0.36484375 0.27026041666666667 0.048263888888888926 0.040625
0 0.4092881944444445 0.6063020833333332 0.04976851851851851 0.03916666666666657
0 0.26611689814814815 0.9158854166666668 0.05150462962962967 0.04395833333333314
0 0.27109375 0.8656770833333333 0.05138888888888893 0.040833333333333145
0 0.22864583333333335 0.5178125 0.05133101851851851 0.039270833333333324
0 0.296238425925926 0.4182291666666666 0.049710648148148094 0.03760416666666657
0 0.2363425925925926 0.37312500000000004 0.05133101851851851 0.039270833333333324
0 0.2824074074074074 0.6654166666666667 0.05133101851851851 0.039270833333333324
0 0.2885127314814815 0.5636979166666667 0.04965277777777777 0.03604166666666657
0 0.23969907407407404 0.32458333333333333 0.05138888888888893 0.04083333333333332
0 0.35541087962962964 0.46182291666666664 0.04814814814814818 0.0375
0 0.27557870370370374 0.765625 0.05133101851851851 0.039270833333333324
0 0.21730324074074076 0.7188541666666667 0.051273148148148096 0.03770833333333332
0 0.21197916666666666 0.8205208333333335 0.05138888888888893 0.040833333333333145