0 0.2359375 0.24453125 0.0515625 0.03671875
0 0.296875 0.2921875 0.0484375 0.0359375
0 0.70390625 0.24921875 0.04609375 0.03515625
0 0.29609375 0.340625 0.05 0.03671875
0 0.2953125 0.38671875 0.05 0.0359375
0 0.64453125 0.3421875 0.04921875 0.03671875
0 0.290625 0.584375 0.05078125 0.0375
0 0.3546875 0.43671875 0.04921875 0.03671875
0 0.7640625 0.29765625 0.04765625 0.0375
0 0.41640625 0.5328125 0.05 0.03671875
0 0.8265625 0.390625 0.0484375 0.03671875
0 0.2921875 0.484375 0.0515625 0.0375
0 0.4765625 0.634375 0.05078125 0.0390625
0 0.771875 0.58515625 0.04921875 0.0375
0 0.70625 0.43828125 0.0515625 0.0375
0 0.896875 0.6859375 0.04921875 0.0390625
0 0.64765625 0.48515625 0.04921875 0.0359375
0 0.28203125 0.89375 0.053125 0.04140625
0 0.2875 0.6859375 0.05234375 0.0390625
0 0.2859375 0.7890625 0.05625 0.03984375
0 0.7109375 0.634375 0.05078125 0.0390625
0 0.71328125 0.7375 0.05 0.03828125
0 0.4109375 0.840625 0.05234375 0.040625
0 0.8390625 0.7890625 0.05234375 0.03984375
0 0.709375 0.53359375 0.0515625 0.0375
0 0.7140625 0.840625 0.05234375 0.040625
0 0.715625 0.8921875 0.0515625 0.03984375
0 0.3484375 0.7375 0.05390625 0.03828125
0 0.27734375 0.946875 0.05390625 0.03984375
0 0.7109375 0.94609375 0.05234375 0.03984375