0 0.23666666666666666 0.2 0.05399305555555554 0.04103009259259256
0 0.4066319444444445 0.38917824074074076 0.049270833333333285 0.039293981481481485
0 0.8544791666666667 0.31082175925925926 0.046111111111111214 0.03761574074074074
0 0.7423958333333334 0.26336805555555554 0.047673611111111215 0.037673611111111074
0 0.28432291666666665 0.4797164351851852 0.054027777777777786 0.04259259259259256
0 0.7993750000000001 0.39965277777777775 0.049270833333333285 0.039293981481481485
0 0.4622222222222222 0.5333333333333334 0.050868055555555715 0.0409143518518519
0 0.46717013888888886 0.2985821759259259 0.052430555555555536 0.04097222222222223
0 0.7427430555555555 0.4901041666666666 0.05239583333333329 0.039409722222222145
0 0.33968750000000003 0.5785300925925926 0.054027777777777786 0.04259259259259274
0 0.6864756944444445 0.35066550925925927 0.049270833333333285 0.039293981481481485
0 0.3328298611111111 0.72734375 0.052465277777777784 0.04253472222222214
0 0.6854166666666666 0.5844907407407407 0.049270833333333285 0.039293981481481485
0 0.8626388888888888 0.7835648148148148 0.05090277777777778 0.042476851851851724
0 0.6846875 0.8331597222222221 0.054062500000000034 0.044155092592592385
0 0.62671875 0.4412326388888889 0.049270833333333285 0.03929398148148131
0 0.6250173611111112 0.6813368055555555 0.05090277777777778 0.042476851851851904
0 0.3986458333333333 0.6279513888888889 0.050868055555555534 0.0409143518518519
0 0.2670659722222222 0.8290798611111111 0.05409722222222228 0.04571759259259238
0 0.8022569444444445 0.6348958333333333 0.04930555555555536 0.04085648148148149
0 0.21125 0.6747685185185185 0.055625000000000036 0.044212962962962975
0 0.80078125 0.88515625 0.055624999999999855 0.044212962962962975
0 0.4457291666666666 0.881886574074074 0.055659722222222284 0.045775462962962976
0 0.8611631944444443 0.541232638888889 0.04767361111111086 0.037673611111111074
0 0.7442361111111111 0.7332175925925926 0.05090277777777778 0.042476851851851904
0 0.6294965277777778 0.21438078703703703 0.044513888888888783 0.035995370370370414
0 0.3535069444444444 0.2504050925925926 0.050868055555555534 0.0409143518518519
0 0.2897743055555556 0.3379918981481482 0.054062500000000034 0.04415509259259256
0 0.22456597222222224 0.42954282407407407 0.055625000000000036 0.044212962962962975
0 0.45439236111111114 0.7791377314814815 0.05409722222222228 0.04571759259259274