0 0.18131944444444442 0.2725694444444445 0.055624999999999994 0.043807870370370414
0 0.5804513888888889 0.22951388888888888 0.050868055555555534 0.04054398148148151
0 0.1834375 0.31778935185185186 0.052465277777777784 0.04215277777777775
0 0.18473958333333335 0.3645949074074074 0.05406249999999999 0.043761574074074085
0 0.5841145833333333 0.27546875000000004 0.052465277777777784 0.04215277777777775
0 0.5877777777777778 0.3214236111111111 0.052465277777777784 0.04215277777777775
0 0.19097222222222224 0.5057233796296297 0.054027777777777786 0.04219907407407408
0 0.18605902777777777 0.410619212962963 0.054027777777777786 0.04219907407407408
0 0.19145833333333334 0.5541145833333333 0.054027777777777786 0.04219907407407408
0 0.1934722222222222 0.6040219907407407 0.05718750000000004 0.04385416666666675
0 0.5951041666666667 0.4133333333333334 0.05250000000000003 0.04371527777777775
0 0.5914583333333333 0.3665972222222222 0.052465277777777784 0.04215277777777775
0 0.5979513888888889 0.4608738425925926 0.052465277777777784 0.04215277777777793
0 0.6023958333333332 0.5068055555555555 0.052465277777777784 0.04215277777777775
0 0.18890625 0.45815972222222223 0.054027777777777786 0.04219907407407408
0 0.19470486111111113 0.6539525462962963 0.057222222222222195 0.04541666666666657
0 0.6103645833333333 0.6049421296296297 0.05250000000000003 0.04371527777777775
0 0.19949652777777777 0.754525462962963 0.0587847222222222 0.045462962962962906
0 0.20071180555555554 0.8052372685185185 0.057256944444444444 0.04697916666666657
0 0.6059722222222221 0.5566666666666666 0.05249999999999986 0.04371527777777775
0 0.6183159722222222 0.7038599537037037 0.054062500000000034 0.043761574074074085
0 0.1974826388888889 0.7046180555555555 0.05875000000000004 0.043900462962962905
0 0.20269097222222224 0.856707175925926 0.058819444444444445 0.04702546296296291
0 0.20467013888888888 0.9081770833333334 0.057256944444444444 0.04697916666666657
0 0.6147222222222222 0.6547800925925926 0.05250000000000003 0.04371527777777775
0 0.621892361111111 0.7537210648148148 0.055659722222222284 0.04537037037037024
0 0.6290104166666667 0.855005787037037 0.055659722222222284 0.04537037037037024
0 0.6246701388888889 0.8043865740740742 0.058819444444444355 0.04702546296296291
0 0.20196180555555557 0.9597858796296297 0.057222222222222195 0.04541666666666657
0 0.6278472222222222 0.907349537037037 0.055659722222222284 0.04537037037037024