0 0.3919965277777778 0.23927662037037037 0.05370370370370363 0.04063657407407408
0 0.33098379629629626 0.2887615740740741 0.053726851851851797 0.04219907407407408
0 0.393431712962963 0.3361516203703704 0.053726851851851797 0.04219907407407408
0 0.4551099537037038 0.3843460648148148 0.05370370370370381 0.04063657407407408
0 0.3941087962962963 0.4346122685185184 0.05689814814814813 0.04541666666666657
0 0.2088888888888889 0.4885590277777778 0.05687499999999997 0.04385416666666657
0 0.39633680555555556 0.5322453703703705 0.05680555555555546 0.03916666666666657
0 0.3353587962962963 0.5840740740740741 0.053726851851851797 0.04219907407407408
0 0.39541666666666664 0.6284085648148148 0.0552893518518518 0.04224537037037024
0 0.27270833333333333 0.6812847222222222 0.05689814814814813 0.04541666666666657
0 0.3977025462962963 0.7299479166666667 0.053749999999999964 0.043761574074074085
0 0.33515046296296297 0.7810416666666666 0.05687499999999997 0.04385416666666657
0 0.3968402777777778 0.8300173611111111 0.05685185185185189 0.042291666666666575
0 0.4616203703703704 0.876556712962963 0.053726851851851797 0.0421990740740739
0 0.39519675925925923 0.9301099537037036 0.05377314814814813 0.045324074074073906
0 0.6834490740740741 0.23376736111111113 0.05372685185185198 0.04219907407407408
0 0.8044560185185186 0.27707754629629633 0.05372685185185198 0.04219907407407408
0 0.7442245370370371 0.32653935185185184 0.05372685185185198 0.04219907407407408
0 0.8058912037037036 0.37395254629629626 0.05528935185185162 0.04224537037037042
0 0.8675578703703704 0.4213657407407407 0.05216435185185162 0.04215277777777793
0 0.8081076388888888 0.4708043981481482 0.05372685185185198 0.04219907407407408
0 0.6877314814814814 0.5228298611111111 0.053726851851851797 0.0421990740740739
0 0.8095659722222223 0.5692418981481482 0.05372685185185162 0.04219907407407408
0 0.6907523148148148 0.6212210648148149 0.053726851851851797 0.04219907407407408
0 0.8110127314814815 0.6668981481481482 0.05372685185185198 0.04219907407407408
0 0.6281481481481481 0.721556712962963 0.05999999999999996 0.04394675925925924
0 0.8140335648148149 0.7652893518518519 0.05372685185185162 0.04219907407407408
0 0.8757118055555555 0.8134837962962962 0.053750000000000145 0.043761574074073904
0 0.8155034722222222 0.8645081018518518 0.055358796296296475 0.046932870370370236
0 0.6904861111111111 0.9197974537037037 0.052164351851851976 0.042152777777777574