0 0.29609375 0.21839120370370368 0.053125 0.042210648148148164
0 0.290625 0.41324652777777776 0.053125 0.043773148148148165
0 0.29453125 0.2661400462962963 0.0515625 0.0421180555555555
0 0.29296875 0.3146701388888889 0.0515625 0.04368055555555559
0 0.2921875 0.3639351851851852 0.0515625 0.0421180555555555
0 0.2890625 0.4617766203703704 0.053125 0.042210648148148164
0 0.71015625 0.25244791666666666 0.0484375 0.04037037037037035
0 0.2859375 0.5635243055555555 0.053125 0.042210648148148164
0 0.709375 0.34936921296296297 0.05 0.042025462962963014
0 0.70859375 0.4462905092592592 0.0515625 0.0405555555555555
0 0.28671875 0.5111342592592593 0.0515625 0.0405555555555555
0 0.28203125 0.613755787037037 0.053125 0.042210648148148164
0 0.709375 0.597025462962963 0.053125 0.04533564814814817
0 0.709375 0.648587962962963 0.0515625 0.0421180555555555
0 0.709375 0.5462442129629629 0.0515625 0.0421180555555555
0 0.71015625 0.20479166666666665 0.0484375 0.04037037037037035
0 0.70859375 0.39785300925925926 0.05 0.04046296296296301
0 0.70859375 0.49472800925925925 0.05 0.042025462962962834
0 0.27734375 0.7695023148148148 0.053125 0.043773148148148165
0 0.28046875 0.6661921296296296 0.0515625 0.0436805555555555
0 0.27890625 0.7186284722222223 0.053125 0.043773148148148165
0 0.71015625 0.30166666666666664 0.053125 0.043773148148148165
0 0.709375 0.8040567129629629 0.053125 0.04533564814814817
0 0.2734375 0.8752025462962962 0.0546875 0.04542824074074048
0 0.70859375 0.7517592592592592 0.0515625 0.0421180555555555
0 0.70859375 0.8556655092592592 0.053125 0.04689814814814817
0 0.275 0.8219849537037037 0.053125 0.04533564814814817
0 0.709375 0.7009317129629629 0.0515625 0.0421180555555555
0 0.26640625 0.927962962962963 0.053125 0.04533564814814817
0 0.7015625 0.9099884259259259 0.05625 0.04552083333333314