0 0.28471064814814817 0.2589872685185185 0.05543981481481479 0.042210648148148164
0 0.6940914351851852 0.29648148148148146 0.05212962962962955 0.03890046296296292
0 0.29049189814814813 0.4485069444444444 0.05065972222222222 0.04037037037037035
0 0.3453472222222222 0.31006944444444445 0.05065972222222222 0.04037037037037035
0 0.2870949074074074 0.3517708333333333 0.05075231481481479 0.04193287037037034
0 0.4097743055555555 0.4119791666666667 0.05065972222222222 0.04037037037037035
0 0.4138136574074074 0.5064178240740741 0.05065972222222222 0.04037037037037052
0 0.35335648148148147 0.550324074074074 0.05065972222222222 0.04037037037037035
0 0.2928530092592593 0.593449074074074 0.05231481481481479 0.042025462962962834
0 0.29420717592592593 0.6425752314814815 0.05231481481481488 0.042025462962962834
0 0.6416666666666666 0.5284837962962963 0.05387731481481488 0.0421180555555555
0 0.835480324074074 0.7906481481481482 0.05396990740740719 0.0436805555555555
0 0.35803819444444446 0.7475636574074074 0.05231481481481479 0.042025462962963014
0 0.7616840277777778 0.49122106481481487 0.05387731481481488 0.0421180555555555
0 0.635792824074074 0.33740162037037036 0.05378472222222221 0.0405555555555555
0 0.6390972222222222 0.43257523148148147 0.05231481481481488 0.042025462962963014
0 0.758287037037037 0.3944849537037037 0.05231481481481488 0.042025462962963014
0 0.7679050925925927 0.635613425925926 0.05231481481481488 0.042025462962963014
0 0.4169791666666667 0.7043460648148148 0.050844907407407366 0.043495370370370344
0 0.6444907407407408 0.5761400462962963 0.05543981481481488 0.042210648148148164
0 0.4224421296296296 0.9016319444444445 0.05240740740740737 0.04358796296296319
0 0.23556134259259257 0.8352835648148147 0.05553240740740737 0.043773148148148165
0 0.7749768518518518 0.8337731481481482 0.05396990740740755 0.0436805555555555
0 0.7714409722222222 0.7346932870370371 0.05240740740740737 0.04358796296296301
0 0.41968750000000005 0.8025983796296297 0.05240740740740737 0.043587962962962835
0 0.7170023148148148 0.8801620370370371 0.055624999999999855 0.04533564814814817
0 0.6565914351851851 0.9248495370370371 0.05728009259259252 0.04699074074074048
0 0.7074479166666666 0.6795196759259259 0.05709490740740737 0.04386574074074083
0 0.7159895833333334 0.9793200231481481 0.055624999999999855 0.04135995370370367
0 0.41984374999999996 0.9497453703703703 0.055625000000000036 0.04533564814814817