0 0.190625 0.24375 0.05234375 0.040625
0 0.37578125 0.2953125 0.046875 0.0375
0 0.4328125 0.63515625 0.0484375 0.0359375
0 0.30078125 0.9359375 0.05078125 0.03984375
0 0.30390625 0.8859375 0.05078125 0.03828125
0 0.2484375 0.534375 0.05 0.0359375
0 0.3125 0.4390625 0.0484375 0.03359375
0 0.25078125 0.38984375 0.05 0.0359375
0 0.3078125 0.6859375 0.04921875 0.0359375
0 0.31015625 0.584375 0.0484375 0.0328125
0 0.25234375 0.34140625 0.04921875 0.0375
0 0.3734375 0.48671875 0.04765625 0.034375
0 0.3046875 0.7859375 0.05078125 0.0359375
0 0.24453125 0.73515625 0.04921875 0.034375
0 0.24296875 0.83671875 0.05 0.0375