0 0.4288194444444445 0.24456597222222226 0.053125 0.04295138888888896
0 0.7060185185185185 0.21544560185185188 0.05150462962962958 0.0413657407407408
0 0.43521412037037044 0.29059027777777774 0.05150462962962976 0.0413657407407408
0 0.7147569444444445 0.26143518518518516 0.05150462962962958 0.04136574074074071
0 0.45043402777777775 0.38494791666666667 0.05306712962962958 0.04138888888888879
0 0.4424189814814815 0.33738425925925924 0.05306712962962958 0.04138888888888888
0 0.7219328703703705 0.30744791666666665 0.05150462962962976 0.0413657407407408
0 0.4697337962962963 0.5261458333333333 0.053125 0.04295138888888879
0 0.7370949074074075 0.40024305555555556 0.05306712962962976 0.04138888888888879
0 0.7546006944444444 0.49300347222222224 0.05306712962962958 0.04138888888888879
0 0.7307002314814814 0.35421874999999997 0.05150462962962958 0.0413657407407408
0 0.4560763888888889 0.43176504629629625 0.05306712962962976 0.04138888888888879
0 0.4769965277777778 0.5745023148148147 0.053125 0.04295138888888879
0 0.46328125 0.47855902777777776 0.05150462962962958 0.0413657407407408
0 0.744994212962963 0.4446817129629629 0.053009259259259166 0.039826388888888786
0 0.4835069444444445 0.6236516203703705 0.0546875 0.04297453703703695
0 0.7699074074074075 0.5897048611111112 0.053125 0.04295138888888879
0 0.49082754629629627 0.6735706018518519 0.0546875 0.04297453703703695
0 0.5047164351851852 0.774201388888889 0.054745370370370416 0.04453703703703695
0 0.4981770833333333 0.7242708333333333 0.0546875 0.04297453703703695
0 0.5193865740740741 0.8748206018518518 0.05630787037037024 0.04456018518518512
0 0.5120659722222223 0.8249016203703704 0.05630787037037042 0.04456018518518512
0 0.7876446759259259 0.6887152777777779 0.053125 0.04295138888888879
0 0.522164351851852 0.9287152777777777 0.057928240740740836 0.04614583333333329
0 0.7787905092592593 0.6396006944444445 0.0515625 0.04292824074074062
0 0.8135416666666666 0.8391956018518518 0.056365740740740834 0.04612268518518512
0 0.8054398148148149 0.7892881944444445 0.054745370370370236 0.04453703703703695
0 0.8177662037037038 0.8899421296296296 0.05642361111111107 0.04768518518518512
0 0.7957465277777778 0.7386226851851851 0.054745370370370416 0.04453703703703695
0 0.7626736111111111 0.5421296296296296 0.053125 0.04295138888888879