0 0.6788194444444444 0.2612384259259259 0.05812500000000007 0.04510416666666668
0 0.6225520833333333 0.3105439814814815 0.05500000000000007 0.0449421296296296
0 0.6285763888888889 0.3584027777777778 0.05656250000000007 0.0450231481481481
0 0.6962847222222223 0.40868055555555555 0.05656250000000007 0.0450231481481481
0 0.765451388888889 0.4566956018518519 0.05500000000000007 0.04494212962962969
0 0.7084374999999999 0.5067418981481481 0.05656250000000007 0.0450231481481481
0 0.7784548611111111 0.5563599537037037 0.05656250000000007 0.0450231481481481
0 0.7223611111111111 0.6095717592592592 0.05663194444444457 0.0465856481481481
0 0.7284895833333334 0.6597743055555556 0.05663194444444457 0.0465856481481481
0 0.7985763888888889 0.7109548611111112 0.058194444444444396 0.046666666666666676
0 0.7417361111111112 0.7649074074074074 0.056631944444444395 0.0465856481481481
0 0.8117881944444445 0.815306712962963 0.05826388888888871 0.048229166666666504
0 0.8172743055555556 0.8685937500000002 0.05826388888888907 0.04822916666666686
0 0.8258506944444445 0.9212615740740742 0.06302083333333322 0.050034722222222425
0 0.8905729166666667 0.9745023148148148 0.05975694444444457 0.04674768518518526