0 0.20612847222222222 0.2508506944444444 0.05656249999999998 0.0450231481481481
0 0.21371527777777777 0.29822337962962964 0.05336805555555557 0.04329861111111111
0 0.7431770833333333 0.17758680555555556 0.05343750000000007 0.04486111111111111
0 0.30953125 0.5336516203703704 0.05499999999999998 0.04494212962962969
0 0.3443229166666667 0.32982060185185186 0.05499999999999998 0.04494212962962969
0 0.6900347222222223 0.23280671296296296 0.051875000000000074 0.044780092592592614
0 0.48180555555555554 0.4103935185185185 0.05336805555555557 0.04329861111111111
0 0.2889409722222222 0.38750578703703703 0.05499999999999998 0.04494212962962969
0 0.69765625 0.28096064814814814 0.05336805555555557 0.04329861111111111
0 0.764375 0.3197858796296296 0.05336805555555557 0.04329861111111111
0 0.9210416666666668 0.4972453703703704 0.05336805555555557 0.04329861111111111
0 0.37802083333333336 0.5770833333333334 0.05500000000000007 0.04494212962962969
0 0.7265798611111112 0.4736574074074074 0.05336805555555557 0.04329861111111111
0 0.2883506944444444 0.9027835648148148 0.056631944444444395 0.0465856481481481
0 0.36498263888888893 0.47752893518518513 0.05500000000000007 0.04494212962962969
0 0.7121180555555556 0.37730902777777775 0.05500000000000007 0.04494212962962969
0 0.805 0.5643402777777778 0.05180555555555557 0.04321759259259252
0 0.5155729166666667 0.65921875 0.055069444444444574 0.04650462962962969
0 0.7811805555555555 0.41601273148148155 0.05493055555555557 0.04337962962962969
0 0.7520659722222222 0.6242476851851853 0.05343750000000007 0.04486111111111111
0 0.5372916666666667 0.813136574074074 0.05506944444444439 0.04650462962962969
0 0.34052083333333333 0.7904513888888889 0.05670138888888889 0.04814814814814809
0 0.38414930555555554 0.626880787037037 0.05656250000000007 0.0450231481481481
0 0.8920312500000002 0.7078240740740741 0.05663194444444457 0.0465856481481481
0 0.6976388888888889 0.6857986111111112 0.056631944444444395 0.0465856481481481
0 0.7753125 0.7773032407407408 0.056631944444444395 0.0465856481481481
0 0.3544791666666667 0.8930902777777778 0.05826388888888889 0.04822916666666686
0 0.7838541666666666 0.8285416666666666 0.05663194444444457 0.0465856481481481
0 0.46032986111111107 0.7200289351851852 0.05819444444444457 0.0466666666666665
0 0.41984374999999996 0.9366840277777777 0.056631944444444395 0.0465856481481481
0 0.7862152777777778 0.8816666666666666 0.056631944444444395 0.0465856481481481