0 0.3390625 0.2580381944444444 0.0515625 0.042916666666666714
0 0.275 0.3020659722222222 0.0484375 0.0396527777777778
0 0.690625 0.28303819444444445 0.0453125 0.03482638888888889
0 0.39765625 0.40907986111111116 0.0484375 0.038090277777777716
0 0.74921875 0.33642361111111113 0.046875 0.039583333333333394
0 0.62734375 0.42475694444444445 0.046875 0.03802083333333321
0 0.3375 0.35562499999999997 0.0484375 0.0396527777777778
0 0.26875 0.5986631944444445 0.05 0.039722222222222214
0 0.20234375 0.7464930555555556 0.0515625 0.04135416666666671
0 0.334375 0.5023611111111111 0.05 0.039722222222222214
0 0.690625 0.37991319444444444 0.046875 0.0380208333333333
0 0.45625 0.6593402777777777 0.05 0.039722222222222214
0 0.39609375 0.45822916666666663 0.0484375 0.03965277777777772
0 0.68828125 0.7735590277777777 0.046875 0.039583333333333394
0 0.265625 0.7993055555555555 0.053125 0.039861111111111215
0 0.271875 0.5480208333333334 0.0515625 0.03979166666666671
0 0.6265625 0.7192534722222221 0.0484375 0.03965277777777772
0 0.3921875 0.7064930555555555 0.05 0.041284722222222216
0 0.6890625 0.5235937500000001 0.05 0.039722222222222214
0 0.6875 0.6727430555555556 0.05 0.039722222222222214
0 0.68828125 0.4766840277777778 0.05 0.039722222222222214
0 0.809375 0.9312847222222222 0.05 0.041284722222222216
0 0.3265625 0.8551388888888889 0.0515625 0.04135416666666671
0 0.74375 0.9791493055555556 0.05 0.041284722222222216
0 0.38125 0.9614756944444445 0.05 0.041284722222222216
0 0.6875 0.8227430555555555 0.0484375 0.038090277777777716
0 0.7484375 0.8770138888888889 0.0484375 0.04121527777777771
0 0.7484375 0.6270138888888889 0.0515625 0.03979166666666671
0 0.26171875 0.9030381944444444 0.0515625 0.042916666666666714
0 0.74765625 0.5754166666666667 0.05 0.03815972222222221