0 0.2214583333333333 0.22668981481481482 0.05906250000000002 0.042615740740740725
0 0.6330787037037038 0.2594328703703704 0.05111111111111111 0.0378703703703704
0 0.2801099537037037 0.2779166666666667 0.05271990740740744 0.03944444444444439
0 0.19403935185185187 0.46638310185185183 0.05745370370370369 0.04104166666666664
0 0.2518634259259259 0.5191666666666667 0.055891203703703776 0.04103009259259256
0 0.688605324074074 0.3106365740740741 0.05115740740740744 0.03943287037037031
0 0.33480902777777777 0.33067708333333334 0.05276620370370368 0.041006944444444395
0 0.8543113425925928 0.4673668981481482 0.05115740740740762 0.03943287037037031
0 0.3918287037037037 0.3842361111111111 0.05120370370370377 0.0409953703703704
0 0.7433506944444443 0.36183449074074076 0.0512037037037036 0.0409953703703704
0 0.4472858796296297 0.4377835648148148 0.054328703703703594 0.041018518518518475
0 0.6119791666666667 0.4968287037037037 0.05271990740740744 0.039444444444444574
0 0.6698032407407407 0.5496122685185185 0.05276620370370359 0.04100694444444457
0 0.3095717592592592 0.5758564814814815 0.054328703703703775 0.041018518518518475
0 0.16464120370370372 0.7201273148148148 0.05598379629629626 0.04415509259259274
0 0.7988541666666666 0.4138194444444444 0.05124999999999993 0.04255787037037031
0 0.8392766203703704 0.7110590277777777 0.052766203703703954 0.041006944444444395
0 0.7260185185185185 0.6039467592592592 0.05276620370370377 0.04100694444444457
0 0.5912905092592593 0.746730324074074 0.05276620370370377 0.04100694444444457
0 0.22315393518518517 0.7760416666666666 0.055937500000000015 0.04259259259259274
0 0.3665451388888889 0.6309780092592593 0.05281249999999993 0.04256944444444457
0 0.42354166666666665 0.685318287037037 0.05281249999999993 0.04256944444444457
0 0.7830150462962964 0.6582870370370371 0.05276620370370359 0.04100694444444457
0 0.6490451388888889 0.8018576388888888 0.05437499999999993 0.042581018518518476
0 0.7637731481481481 0.9121064814814815 0.05442129629629626 0.04414351851851848
0 0.7068229166666666 0.8562037037037037 0.05437499999999993 0.042581018518518476
0 0.2816898148148148 0.8311747685185186 0.05598379629629626 0.044155092592592385
0 0.33785879629629634 0.8870717592592593 0.05598379629629626 0.04415509259259274
0 0.39246527777777784 0.9429571759259259 0.05598379629629626 0.04415509259259274
0 0.8184027777777778 0.9672106481481482 0.05437499999999993 0.042581018518518476