0 0.25906250000000003 0.7126041666666667 0.0609375 0.050729166666666714
0 0.26489583333333333 0.7651041666666666 0.05760416666666668 0.047395833333333214
0 0.6939062500000001 0.7602604166666667 0.05437499999999993 0.04562500000000007
0 0.40708333333333335 0.8679166666666667 0.05760416666666668 0.04739583333333357
0 0.7633854166666667 0.81078125 0.05604166666666668 0.04729166666666664
0 0.8852604166666665 0.4572395833333333 0.05416666666666643 0.04250000000000007
0 0.4841666666666667 0.5075 0.05427083333333336 0.044062500000000074
0 0.33911458333333333 0.36171875 0.05427083333333336 0.044062499999999984
0 0.7910416666666666 0.6072916666666666 0.05427083333333336 0.044062500000000074
0 0.37359375 0.6105729166666667 0.05583333333333327 0.044166666666666646
0 0.31786458333333334 0.6613020833333334 0.057500000000000016 0.04583333333333321
0 0.33677083333333335 0.8165625000000001 0.05760416666666668 0.047395833333333214
0 0.4771354166666667 0.4603645833333333 0.05427083333333336 0.044062500000000074
0 0.8604166666666668 0.65625 0.054375000000000284 0.04562500000000007
0 0.6520833333333333 0.50625 0.05427083333333336 0.044062500000000074
0 0.9064062499999999 0.9144270833333333 0.05604166666666686 0.04729166666666664
0 0.4775520833333333 0.9216145833333332 0.05770833333333343 0.04895833333333357
0 0.8166666666666667 0.4083333333333333 0.052604166666666785 0.04239583333333332
0 0.42838541666666663 0.5574479166666666 0.05427083333333336 0.044062500000000074
0 0.40770833333333334 0.4106249999999999 0.054166666666666606 0.04250000000000007
0 0.93140625 0.70609375 0.05437499999999993 0.04562500000000007
0 0.8344791666666665 0.8621874999999999 0.05604166666666686 0.04729166666666664
0 0.7206770833333334 0.55515625 0.05583333333333336 0.044166666666666646
0 0.7490104166666667 0.36182291666666666 0.052604166666666605 0.04239583333333332
0 0.6813020833333333 0.31453125000000004 0.054166666666666786 0.04250000000000007
0 0.2721354166666667 0.31369791666666663 0.054166666666666606 0.04250000000000007
0 0.5441145833333334 0.9750520833333333 0.05770833333333343 0.04895833333333357
0 0.9727604166666666 0.9640104166666668 0.054479166666666856 0.04572916666666664
0 0.6135416666666667 0.26645833333333335 0.054166666666666786 0.04249999999999998
0 0.20442708333333331 0.26640625 0.05427083333333336 0.044062499999999984