0 0.3484085648148148 0.25661458333333337 0.05630787037037042 0.047395833333333394
0 0.2796875 0.2935416666666667 0.05150462962962958 0.04395833333333332
0 0.6971643518518518 0.31354166666666666 0.04820601851851851 0.0390625
0 0.3912326388888889 0.41140625000000003 0.051446759259259255 0.04239583333333332
0 0.750636574074074 0.37114583333333334 0.05150462962962976 0.04395833333333332
0 0.6193287037037036 0.44854166666666667 0.051446759259259164 0.04239583333333332
0 0.3362268518518518 0.35291666666666666 0.05306712962962958 0.044062500000000074
0 0.2421585648148148 0.5878645833333334 0.054629629629629584 0.044166666666666646
0 0.1594039351851852 0.7288020833333333 0.0546875 0.04572916666666664
0 0.31828703703703703 0.4989583333333333 0.054629629629629584 0.044166666666666646
0 0.687326388888889 0.41 0.04988425925925917 0.042291666666666575
0 0.42332175925925924 0.6657291666666667 0.054629629629629584 0.044166666666666646
0 0.38472222222222224 0.4603125 0.05306712962962958 0.044062500000000074
0 0.642332175925926 0.8001562499999999 0.05150462962962976 0.04395833333333314
0 0.2175636574074074 0.78671875 0.056192129629629675 0.04427083333333322
0 0.2510706018518518 0.5375520833333333 0.054629629629629584 0.044166666666666646
0 0.586574074074074 0.7408333333333333 0.05306712962962976 0.044062500000000074
0 0.35370370370370374 0.7057291666666667 0.0546875 0.04572916666666664
0 0.6703125 0.5521874999999999 0.05306712962962958 0.044062500000000074
0 0.6530671296296295 0.7006249999999999 0.05306712962962976 0.044062500000000074
0 0.6743923611111111 0.50546875 0.05306712962962976 0.044062500000000074
0 0.747337962962963 0.9677083333333334 0.0546875 0.04572916666666664
0 0.2724537037037037 0.8483333333333334 0.05625 0.04583333333333357
0 0.676880787037037 0.9931770833333333 0.0546875 0.013645833333333357
0 0.3161458333333333 0.9585416666666667 0.053125 0.04562500000000007
0 0.6366030092592593 0.8491145833333335 0.053009259259259346 0.04249999999999972
0 0.6923611111111111 0.9084375 0.053125 0.04562500000000007
0 0.7188078703703704 0.6595833333333333 0.054629629629629764 0.044166666666666646
0 0.202806712962963 0.8891145833333333 0.05630787037037042 0.04739583333333357
0 0.7238136574074074 0.6090104166666667 0.053009259259259166 0.04250000000000007