0 0.44140625 0.24453125 0.04921875 0.0375
0 0.72109375 0.24375 0.046875 0.0359375
0 0.4421875 0.29140625 0.04765625 0.03671875
0 0.7234375 0.290625 0.04765625 0.0359375
0 0.4453125 0.3859375 0.0484375 0.03671875
0 0.44375 0.33828125 0.04921875 0.03671875
0 0.725 0.33671875 0.046875 0.0359375
0 0.44765625 0.528125 0.04921875 0.0375
0 0.72890625 0.43046875 0.0484375 0.03671875
0 0.734375 0.52421875 0.04921875 0.03671875
0 0.728125 0.384375 0.04765625 0.0359375
0 0.4453125 0.43359375 0.0484375 0.0359375
0 0.4484375 0.57734375 0.04921875 0.0375
0 0.446875 0.48046875 0.04765625 0.03671875
0 0.73125 0.47578125 0.0484375 0.03515625
0 0.44921875 0.6265625 0.05 0.03828125
0 0.73828125 0.621875 0.0484375 0.03828125
0 0.45 0.6765625 0.05 0.0375
0 0.4515625 0.778125 0.05 0.0390625
0 0.45078125 0.728125 0.04921875 0.03828125
0 0.453125 0.8796875 0.05078125 0.03984375
0 0.45234375 0.82890625 0.0515625 0.0390625
0 0.74296875 0.721875 0.0484375 0.03828125
0 0.44921875 0.9328125 0.05234375 0.040625
0 0.740625 0.67265625 0.04765625 0.0375
0 0.75 0.87421875 0.05078125 0.04140625
0 0.7484375 0.8234375 0.05 0.0390625
0 0.7484375 0.925 0.05078125 0.0421875
0 0.7453125 0.77265625 0.05 0.0390625
0 0.73671875 0.57421875 0.04921875 0.0375