0 0.21953125 0.23359375 0.05078125 0.03671875
0 0.2796875 0.2796875 0.04921875 0.0359375
0 0.74921875 0.23515625 0.05 0.0359375
0 0.2171875 0.37578125 0.05078125 0.03671875
0 0.87265625 0.3765625 0.0484375 0.03671875
0 0.7484375 0.2828125 0.04921875 0.03671875
0 0.46328125 0.4265625 0.0484375 0.03671875
0 0.340625 0.521875 0.05078125 0.03671875
0 0.28046875 0.328125 0.05078125 0.03671875
0 0.81015625 0.3296875 0.04921875 0.03671875
0 0.403125 0.47265625 0.04921875 0.03515625
0 0.75546875 0.47265625 0.04921875 0.0359375
0 0.69609375 0.52109375 0.04921875 0.0359375
0 0.75703125 0.571875 0.05 0.0375
0 0.40234375 0.571875 0.05 0.0375
0 0.8140625 0.42578125 0.04921875 0.0375
0 0.275 0.72578125 0.05078125 0.0390625
0 0.46328125 0.621875 0.05 0.0375
0 0.27421875 0.828125 0.053125 0.03984375
0 0.6984375 0.67265625 0.0484375 0.0375
0 0.33828125 0.7765625 0.0515625 0.0390625
0 0.8890625 0.77265625 0.05234375 0.0390625
0 0.76015625 0.621875 0.05 0.0375
0 0.703125 0.8265625 0.05078125 0.040625
0 0.7625 0.7234375 0.05078125 0.03828125
0 0.2734375 0.88125 0.053125 0.04140625
0 0.26796875 0.93359375 0.0515625 0.040625
0 0.70390625 0.878125 0.05078125 0.040625
0 0.63671875 0.9328125 0.05078125 0.040625