0 0.22135416666666666 0.27078125000000003 0.054166666666666696 0.04135416666666671
0 0.6866145833333334 0.27432291666666664 0.05093750000000004 0.03965277777777772
0 0.6321875 0.32253472222222224 0.051041666666666784 0.04121527777777771
0 0.28994791666666664 0.36496527777777776 0.05250000000000003 0.039722222222222214
0 0.3002604166666667 0.4612326388888889 0.05250000000000003 0.039722222222222214
0 0.34447916666666667 0.31831597222222224 0.054166666666666696 0.04135416666666671
0 0.64640625 0.4657118055555555 0.05250000000000003 0.039722222222222214
0 0.25322916666666667 0.6554340277777777 0.054166666666666606 0.04135416666666671
0 0.8184895833333332 0.3713194444444444 0.05260416666666643 0.041284722222222216
0 0.9014583333333335 0.5642881944444444 0.05260416666666643 0.041284722222222216
0 0.4290625 0.5588715277777778 0.05093749999999986 0.03965277777777772
0 0.3547395833333334 0.4138020833333334 0.05093750000000004 0.03965277777777772
0 0.3723958333333333 0.6085416666666668 0.05250000000000003 0.039722222222222214
0 0.8232291666666667 0.41904513888888884 0.05249999999999986 0.039722222222222214
0 0.77265625 0.5133854166666667 0.05093750000000004 0.03965277777777772
0 0.30343749999999997 0.5088888888888888 0.05250000000000003 0.039722222222222214
0 0.7239583333333334 0.6124826388888889 0.052604166666666785 0.041284722222222216
0 0.38057291666666665 0.7078298611111111 0.052604166666666605 0.041284722222222216
0 0.51359375 0.810329861111111 0.052604166666666605 0.041284722222222216
0 0.7911458333333333 0.6622048611111111 0.052604166666666605 0.041284722222222216
0 0.7352083333333332 0.7111284722222222 0.052604166666666785 0.041284722222222216
0 0.33703125 0.9076388888888889 0.05270833333333336 0.04284722222222222
0 0.44708333333333333 0.7590798611111111 0.05270833333333336 0.04284722222222222
0 0.8641666666666665 0.764375 0.054270833333333005 0.042916666666666714
0 0.51765625 0.8595833333333334 0.05270833333333336 0.04284722222222222
0 0.8090104166666666 0.8133333333333332 0.05427083333333336 0.042916666666666714
0 0.8197395833333333 0.9158506944444443 0.05437499999999993 0.044479166666666715
0 0.39890625 0.9594618055555555 0.05270833333333336 0.04284722222222222
0 0.8847916666666666 0.9685937499999999 0.05427083333333336 0.042916666666666714
0 0.7522395833333333 0.8614409722222222 0.05270833333333336 0.04284722222222222