0 0.39751157407407406 0.2578472222222222 0.05138888888888893 0.03861111111111111
0 0.7434027777777777 0.26006944444444446 0.04976851851851851 0.03701388888888886
0 0.34068287037037037 0.30420138888888887 0.04988425925925925 0.040138888888888856
0 0.46504629629629635 0.35302083333333334 0.04988425925925917 0.040138888888888856
0 0.29418402777777775 0.54515625 0.05138888888888893 0.03861111111111111
0 0.8141493055555555 0.3998090277777778 0.04982638888888893 0.038576388888888855
0 0.2265914351851852 0.4484201388888889 0.053009259259259346 0.04020833333333336
0 0.3481481481481482 0.40038194444444447 0.04982638888888893 0.038576388888888855
0 0.6519097222222222 0.5929166666666668 0.04982638888888893 0.038576388888888855
0 0.687326388888889 0.3056597222222222 0.048263888888888926 0.038541666666666606
0 0.7499710648148149 0.35310763888888885 0.04982638888888893 0.038576388888888855
0 0.7686921296296296 0.5424305555555555 0.04982638888888893 0.038576388888888855
0 0.6428530092592593 0.4959201388888889 0.04982638888888893 0.038576388888888855
0 0.35405092592592596 0.4965277777777778 0.05133101851851851 0.03704861111111111
0 0.36004050925925923 0.5950173611111111 0.051446759259259255 0.040173611111111104
0 0.7589699074074074 0.44854166666666667 0.04988425925925917 0.040138888888888856
0 0.42433449074074076 0.6448437499999999 0.05306712962962958 0.041770833333333354
0 0.4921006944444445 0.746267361111111 0.051446759259259164 0.040173611111111104
0 0.7778645833333334 0.6425520833333334 0.051446759259259164 0.040173611111111104
0 0.8429398148148148 0.6923958333333333 0.051446759259259525 0.040173611111111104
0 0.36458333333333337 0.6965972222222222 0.051446759259259255 0.040173611111111285
0 0.8513599537037038 0.7932812499999999 0.05150462962962976 0.041736111111111106
0 0.7862847222222222 0.7434375 0.051446759259259345 0.040173611111111104
0 0.31018518518518523 0.8507291666666668 0.053125 0.043333333333333356
0 0.7388888888888889 0.8969444444444445 0.053125 0.043333333333333356
0 0.7939525462962964 0.8450868055555556 0.0515625 0.04329861111111129
0 0.3760706018518518 0.9013715277777777 0.053125 0.043333333333333356
0 0.31015625 0.955329861111111 0.0546875 0.04336805555555543
0 0.7384837962962962 0.9492361111111112 0.05150462962962958 0.041736111111111286
0 0.36993634259259256 0.7989756944444444 0.05306712962962958 0.041770833333333354