0 0.20456597222222223 0.18977430555555555 0.059687499999999984 0.043900462962962995
0 0.88015625 0.226712962962963 0.056493055555555574 0.04224537037037042
0 0.3292013888888889 0.24693865740740742 0.05493055555555557 0.04219907407407408
0 0.18178819444444444 0.3862847222222222 0.059687500000000025 0.043900462962962905
0 0.3869618055555556 0.2990625 0.05493055555555557 0.04219907407407408
0 0.8748784722222223 0.27524305555555556 0.056493055555555574 0.04224537037037042
0 0.2540104166666667 0.3412326388888889 0.05805555555555557 0.04229166666666666
0 0.6123263888888889 0.40707754629629633 0.05336805555555557 0.04215277777777775
0 0.6790798611111111 0.3621875 0.05336805555555557 0.04215277777777775
0 0.8704513888888888 0.32218749999999996 0.05493055555555557 0.04219907407407408
0 0.7879687499999999 0.5103240740740741 0.056493055555555574 0.04224537037037024
0 0.37116319444444446 0.4438715277777778 0.056493055555555574 0.04224537037037042
0 0.15649305555555554 0.5867708333333332 0.06131944444444444 0.045509259259259235
0 0.7308854166666666 0.4605208333333334 0.05493055555555557 0.04219907407407408
0 0.30046875 0.48965856481481485 0.056493055555555574 0.04224537037037024
0 0.23038194444444446 0.5393287037037038 0.058194444444444396 0.04541666666666657
0 0.5911805555555556 0.6019791666666666 0.05493055555555557 0.04219907407407408
0 0.7825868055555555 0.5611979166666666 0.05656250000000007 0.04380787037037024
0 0.13105902777777778 0.7903819444444444 0.05975694444444444 0.045462962962962906
0 0.8260069444444443 0.7604282407407407 0.05812500000000007 0.04385416666666657
0 0.34671875 0.6427719907407408 0.05656249999999998 0.043807870370370414
0 0.5797048611111111 0.7021875 0.05343750000000007 0.04371527777777793
0 0.7097048611111111 0.6562037037037036 0.05336805555555557 0.04215277777777793
0 0.40437500000000004 0.6972395833333334 0.056631944444444395 0.04537037037037024
0 0.19116319444444446 0.8424363425925925 0.05819444444444444 0.04541666666666657
0 0.5690798611111111 0.8008101851851851 0.05506944444444439 0.045324074074073906
0 0.687673611111111 0.8534722222222222 0.05656250000000007 0.04380787037037024
0 0.26897569444444447 0.7418229166666667 0.05656249999999998 0.04380787037037024
0 0.30972222222222223 0.8958796296296295 0.05656250000000007 0.04380787037037024
0 0.7415277777777778 0.9057118055555555 0.05656250000000007 0.04380787037037024