0 0.21875 0.240625 0.053125 0.0375
0 0.2203125 0.2859375 0.0546875 0.03828125
0 0.21875 0.33359375 0.05390625 0.03984375
0 0.2171875 0.38125 0.053125 0.0421875
0 0.21640625 0.4296875 0.05234375 0.0390625
0 0.215625 0.478125 0.05390625 0.03828125
0 0.21484375 0.5265625 0.05390625 0.03984375
0 0.2125 0.578125 0.0578125 0.03984375
0 0.2109375 0.6265625 0.05625 0.04296875
0 0.21015625 0.678125 0.05546875 0.04140625
0 0.21015625 0.73046875 0.05703125 0.04140625
0 0.20859375 0.78203125 0.05703125 0.04296875
0 0.20703125 0.83515625 0.05859375 0.04375
0 0.20546875 0.88828125 0.05859375 0.04296875
0 0.20234375 0.94296875 0.0609375 0.04609375
0 0.68359375 0.24609375 0.05078125 0.0375
0 0.6859375 0.290625 0.05 0.0375
0 0.68671875 0.33671875 0.04921875 0.0375
0 0.68828125 0.38359375 0.0484375 0.03671875
0 0.68984375 0.43046875 0.04921875 0.0375
0 0.690625 0.478125 0.0515625 0.0375
0 0.69296875 0.525 0.0515625 0.0390625
0 0.69375 0.57578125 0.05 0.03828125
0 0.696875 0.6234375 0.0515625 0.040625
0 0.69765625 0.675 0.053125 0.040625
0 0.7015625 0.77734375 0.05234375 0.0390625
0 0.7015625 0.828125 0.05390625 0.04140625
0 0.7046875 0.88203125 0.05234375 0.04375
0 0.7015625 0.93359375 0.053125 0.04375
0 0.69921875 0.72578125 0.053125 0.0421875