0 0.34089120370370374 0.21239583333333334 0.05687499999999997 0.0458333333333333
0 0.7423900462962962 0.2619270833333333 0.053587962962962976 0.04250000000000007
0 0.3176851851851852 0.4046875 0.05366898148148147 0.044062500000000074
0 0.8589641203703703 0.3109895833333333 0.05366898148148138 0.044062499999999984
0 0.45594328703703707 0.26078124999999996 0.05523148148148138 0.044166666666666646
0 0.6288599537037036 0.21421874999999999 0.053587962962962976 0.04249999999999998
0 0.45030671296296293 0.30942708333333335 0.05687499999999997 0.0458333333333333
0 0.607175925925926 0.40718750000000004 0.05523148148148138 0.044166666666666646
0 0.42854166666666665 0.5039583333333333 0.05523148148148138 0.044166666666666646
0 0.8533680555555556 0.35885416666666664 0.05366898148148138 0.044062499999999984
0 0.7788483796296297 0.5047395833333332 0.05523148148148156 0.044166666666666646
0 0.37274305555555554 0.4539583333333333 0.053587962962962976 0.04250000000000007
0 0.3606076388888889 0.5528645833333334 0.05366898148148147 0.044062500000000074
0 0.4447106481481482 0.3572916666666667 0.05523148148148138 0.044166666666666646
0 0.8444386574074073 0.4559895833333334 0.053750000000000145 0.04562500000000007
0 0.8346469907407407 0.5547395833333333 0.05531250000000014 0.04572916666666664
0 0.4090046296296296 0.6555208333333333 0.055312499999999966 0.04572916666666664
0 0.29020833333333335 0.6042708333333333 0.055312499999999966 0.04572916666666664
0 0.6876331018518519 0.8074479166666666 0.05539351851851855 0.04729166666666664
0 0.21565393518518522 0.70578125 0.056956018518518545 0.047395833333333214
0 0.5695775462962963 0.7569270833333334 0.05531250000000014 0.04572916666666664
0 0.8255555555555556 0.655 0.05531250000000014 0.04572916666666664
0 0.618755787037037 0.8595312499999999 0.056956018518518545 0.04739583333333357
0 0.3909490740740741 0.8085416666666667 0.056956018518518545 0.047395833333333214
0 0.8304918981481482 0.60484375 0.05531250000000014 0.04572916666666664
0 0.39674768518518516 0.7567708333333334 0.05687499999999997 0.04583333333333321
0 0.19599537037037035 0.8596875 0.0569560185185185 0.04739583333333357
0 0.37396412037037036 0.9108854166666667 0.05687499999999997 0.04583333333333357
0 0.795943287037037 0.91078125 0.055312499999999966 0.04572916666666664
0 0.8205787037037038 0.7059375 0.05531250000000014 0.04572916666666664