0 0.3064409722222222 0.27586226851851847 0.05656250000000007 0.0450231481481481
0 0.7172916666666667 0.3167418981481481 0.053298611111111074 0.041736111111111106
0 0.3112152777777778 0.4679571759259259 0.05336805555555557 0.04329861111111111
0 0.8420833333333334 0.3631481481481481 0.05336805555555557 0.04329861111111111
0 0.4297395833333333 0.320625 0.05493055555555557 0.04337962962962969
0 0.5963715277777778 0.27131944444444445 0.053298611111111074 0.041736111111111106
0 0.43071180555555555 0.36922453703703706 0.05656250000000007 0.0450231481481481
0 0.6026736111111111 0.4642766203703704 0.05493055555555557 0.04337962962962969
0 0.4369097222222222 0.564525462962963 0.05493055555555557 0.04337962962962969
0 0.843125 0.4101851851851852 0.05336805555555557 0.04329861111111111
0 0.7896180555555554 0.5569733796296296 0.05493055555555557 0.04337962962962969
0 0.37411458333333336 0.5150694444444445 0.053298611111111074 0.041736111111111106
0 0.3759548611111111 0.6146122685185185 0.05336805555555557 0.04329861111111111
0 0.43171875000000004 0.41704282407407406 0.05493055555555557 0.04337962962962969
0 0.8489756944444444 0.5075868055555556 0.05343750000000007 0.04486111111111111
0 0.8540104166666665 0.6057291666666667 0.054999999999999716 0.04494212962962969
0 0.44039930555555556 0.7150520833333334 0.05500000000000007 0.04494212962962969
0 0.31333333333333335 0.6669618055555555 0.05499999999999998 0.04494212962962969
0 0.7424479166666667 0.8607002314814813 0.055069444444444574 0.046504629629629333
0 0.25317708333333333 0.7695543981481482 0.056631944444444485 0.0465856481481481
0 0.6161631944444445 0.812650462962963 0.05500000000000007 0.04494212962962969
0 0.8589409722222221 0.7062152777777777 0.054999999999999716 0.04494212962962969
0 0.6813541666666667 0.913912037037037 0.056631944444444395 0.0465856481481481
0 0.44453125 0.868744212962963 0.056631944444444395 0.0465856481481481
0 0.8564756944444444 0.6559722222222222 0.054999999999999716 0.04494212962962969
0 0.44291666666666674 0.8169791666666667 0.05656250000000007 0.0450231481481481
0 0.2557465277777778 0.9231655092592593 0.056631944444444485 0.0465856481481481
0 0.4423263888888888 0.9712094907407408 0.05656250000000007 0.0450231481481481
0 0.8671527777777778 0.9619155092592593 0.05500000000000007 0.04494212962962969
0 0.8613715277777778 0.7572395833333333 0.054999999999999716 0.04494212962962969