0 0.26171875 0.25078125 0.0515625 0.0375
0 0.6703125 0.25 0.0484375 0.034375
0 0.2625 0.44140625 0.04765625 0.0359375
0 0.32109375 0.296875 0.046875 0.03515625
0 0.26171875 0.34453125 0.046875 0.03671875
0 0.3828125 0.39296875 0.04765625 0.0359375
0 0.384375 0.4875 0.04765625 0.03515625
0 0.3234375 0.5375 0.04765625 0.03515625
0 0.26171875 0.58671875 0.04921875 0.03671875
0 0.26171875 0.6359375 0.04921875 0.0375
0 0.6125 0.48828125 0.05 0.03671875
0 0.8 0.73359375 0.05078125 0.03828125
0 0.32265625 0.73515625 0.0484375 0.0375
0 0.7328125 0.43984375 0.05 0.03671875
0 0.6109375 0.296875 0.05 0.0359375
0 0.61171875 0.3921875 0.0484375 0.03671875
0 0.73203125 0.34296875 0.04921875 0.03671875
0 0.7359375 0.584375 0.04921875 0.03671875
0 0.3828125 0.6859375 0.04765625 0.03828125
0 0.6140625 0.5359375 0.0515625 0.03671875
0 0.38359375 0.88359375 0.04921875 0.0390625
0 0.1984375 0.83515625 0.05234375 0.0390625
0 0.73828125 0.7828125 0.05 0.0390625
0 0.73671875 0.68359375 0.04921875 0.03828125
0 0.38359375 0.784375 0.04921875 0.03828125
0 0.67890625 0.834375 0.05234375 0.040625
0 0.6171875 0.88515625 0.05390625 0.0421875
0 0.67421875 0.63359375 0.05390625 0.03828125
0 0.67578125 0.9359375 0.05234375 0.03984375
0 0.3796875 0.9328125 0.05234375 0.03984375