0 0.3971701388888889 0.23931134259259262 0.055891203703703686 0.04224537037037042
0 0.7559895833333334 0.2687094907407407 0.052719907407407264 0.04059027777777775
0 0.20089699074074074 0.31872685185185184 0.055891203703703686 0.04224537037037042
0 0.4566261574074074 0.2911168981481482 0.05276620370370359 0.04215277777777775
0 0.6214004629629629 0.40390625 0.05276620370370359 0.04215277777777775
0 0.8138599537037038 0.32125000000000004 0.052766203703703954 0.04215277777777775
0 0.384375 0.4336342592592593 0.054328703703703775 0.04219907407407408
0 0.2617997685185185 0.3744849537037037 0.054328703703703775 0.04219907407407408
0 0.2520486111111111 0.5188541666666666 0.054328703703703685 0.04219907407407408
0 0.19027199074074075 0.46619791666666666 0.05589120370370373 0.04224537037037042
0 0.8108854166666667 0.3688599537037037 0.054328703703703594 0.04219907407407408
0 0.6725405092592592 0.5516435185185184 0.05271990740740744 0.04059027777777775
0 0.7995717592592593 0.5131828703703704 0.054282407407407265 0.04063657407407408
0 0.3730381944444444 0.5787384259259258 0.05428240740740735 0.04063657407407391
0 0.6191840277777778 0.45232060185185186 0.05271990740740744 0.04059027777777775
0 0.30841435185185184 0.622175925925926 0.055891203703703686 0.04224537037037024
0 0.6056770833333334 0.6442766203703704 0.054328703703703594 0.04219907407407408
0 0.7319270833333333 0.6057928240740741 0.05428240740740744 0.04063657407407408
0 0.42484374999999996 0.7304050925925927 0.054328703703703594 0.0421990740740739
0 0.17586805555555557 0.662037037037037 0.05589120370370373 0.04224537037037042
0 0.7221296296296297 0.751724537037037 0.054328703703703594 0.0421990740740739
0 0.1682638888888889 0.7603356481481482 0.055937500000000015 0.04380787037037024
0 0.5942939814814816 0.790943287037037 0.054328703703703594 0.042199074074074264
0 0.7867766203703704 0.707505787037037 0.054328703703703594 0.04219907407407408
0 0.5875173611111111 0.8877025462962962 0.05276620370370377 0.042152777777777574
0 0.7145949074074075 0.8476793981481482 0.05276620370370359 0.042152777777777574
0 0.3548784722222222 0.8221643518518519 0.05271990740740744 0.04059027777777757
0 0.28947337962962966 0.8655787037037037 0.054328703703703685 0.0421990740740739
0 0.6414814814814814 0.9401273148148149 0.05281249999999993 0.043715277777777575
0 0.2185763888888889 0.9096122685185186 0.054328703703703685 0.0421990740740739