0 0.22945601851851852 0.23863425925925927 0.0552893518518518 0.043460648148148096
0 0.22800347222222223 0.28390624999999997 0.05685185185185189 0.04354166666666668
0 0.22340277777777776 0.3305787037037037 0.05687499999999997 0.04510416666666668
0 0.21800925925925924 0.37799189814814815 0.055358796296296295 0.04814814814814809
0 0.21416666666666667 0.42626736111111113 0.055312499999999966 0.0450231481481481
0 0.21032407407407408 0.47454282407407405 0.05685185185185189 0.04354166666666668
0 0.2064814814814815 0.522818287037037 0.05687499999999997 0.04510416666666668
0 0.20024884259259262 0.5740972222222223 0.05999999999999996 0.04526620370370367
0 0.19563657407407406 0.6215509259259259 0.0584837962962963 0.04831018518518526
0 0.1917476851851852 0.6729513888888888 0.05846064814814813 0.04674768518518526
0 0.18784722222222222 0.7251331018518519 0.06002314814814813 0.046828703703703664
0 0.18317708333333332 0.7764930555555555 0.0600462962962963 0.048391203703703665
0 0.17770254629629628 0.829375 0.06163194444444442 0.050034722222222425
0 0.17300925925925928 0.8822974537037037 0.0616087962962963 0.04847222222222243
0 0.16596064814814815 0.9358796296296298 0.06324074074074075 0.05324074074074048
0 0.6930787037037037 0.29238425925925926 0.053726851851851797 0.04337962962962969
0 0.6924189814814815 0.3369155092592592 0.052164351851851795 0.04329861111111111
0 0.6901736111111111 0.3829282407407407 0.052164351851851795 0.04329861111111111
0 0.6879166666666666 0.4297222222222222 0.050578703703703806 0.04165509259259252
0 0.6864409722222222 0.476556712962963 0.052164351851851976 0.04329861111111111
0 0.6841724537037037 0.5241319444444444 0.053726851851851797 0.04337962962962969
0 0.6834780092592593 0.5710069444444444 0.053749999999999964 0.04494212962962969
0 0.6811631944444445 0.621707175925926 0.052164351851851976 0.04329861111111111
0 0.6804571759259259 0.6693634259259259 0.05377314814814813 0.04650462962962969
0 0.678130787037037 0.7208449074074075 0.055335648148148134 0.0465856481481481
0 0.6750520833333333 0.8231076388888889 0.05531250000000014 0.0450231481481481
0 0.6719560185185185 0.8737673611111111 0.05689814814814813 0.0466666666666665
0 0.6711574074074074 0.9276736111111111 0.05538194444444429 0.049710648148148094
0 0.6649247685185184 0.9770486111111112 0.05538194444444446 0.045902777777777716
0 0.6765972222222223 0.7715856481481481 0.055358796296296295 0.04814814814814809