0 0.19612268518518522 0.26989583333333333 0.06002314814814813 0.045069444444444426
0 0.6082060185185185 0.2509375 0.050578703703703806 0.040173611111111104
0 0.26315393518518515 0.3135590277777778 0.053726851851851797 0.04180555555555552
0 0.21296875 0.5108159722222222 0.05843749999999996 0.043472222222222176
0 0.28002314814814816 0.5560416666666667 0.05687499999999997 0.04343749999999993
0 0.6728935185185185 0.29454861111111114 0.0506018518518518 0.041736111111111106
0 0.3278645833333333 0.3587326388888889 0.05218749999999996 0.043333333333333356
0 0.8654398148148147 0.42847222222222225 0.05060185185185162 0.041736111111111106
0 0.39336805555555554 0.40470486111111115 0.05218750000000005 0.043333333333333356
0 0.7360185185185185 0.338125 0.05062499999999996 0.04329861111111111
0 0.45809027777777783 0.4506597222222222 0.053750000000000145 0.043368055555555604
0 0.631255787037037 0.4888715277777777 0.053726851851851797 0.04180555555555543
0 0.6982986111111111 0.5333159722222222 0.053749999999999964 0.04336805555555543
0 0.3471354166666667 0.6051736111111111 0.055312499999999966 0.04340277777777786
0 0.23080439814814815 0.7658159722222223 0.056921296296296296 0.04656249999999993
0 0.7999363425925925 0.3825 0.05221064814814813 0.04489583333333336
0 0.8948321759259258 0.6727951388888889 0.053750000000000145 0.04336805555555543
0 0.7630439814814814 0.5808333333333333 0.053749999999999964 0.04336805555555543
0 0.6568229166666667 0.7385763888888889 0.053749999999999964 0.04336805555555543
0 0.29867476851851854 0.8134027777777778 0.05689814814814813 0.04499999999999993
0 0.4134201388888889 0.6511631944444444 0.05377314814814813 0.04493055555555543
0 0.4797164351851852 0.6979340277777778 0.05377314814814813 0.04493055555555543
0 0.8301099537037036 0.6268402777777778 0.052187500000000143 0.043333333333333356
0 0.7239120370370371 0.7861458333333333 0.055335648148148134 0.044965277777777854
0 0.8572974537037037 0.8804861111111112 0.055358796296296475 0.046527777777777855
0 0.7909780092592593 0.8321527777777777 0.05533564814814795 0.044965277777777854
0 0.3665335648148148 0.8602083333333332 0.056921296296296296 0.04656249999999993
0 0.4320717592592593 0.9085243055555555 0.056921296296296296 0.046562500000000284
0 0.49684027777777773 0.9576041666666667 0.056921296296296296 0.04656249999999993
0 0.921273148148148 0.928767361111111 0.05533564814814795 0.044965277777777854