0 0.21207175925925928 0.24318287037037037 0.055312499999999966 0.04494212962962969
0 0.3979224537037037 0.31125578703703705 0.05046296296296297 0.04157407407407412
0 0.4609375 0.6550115740740742 0.05194444444444439 0.04009259259259253
0 0.3341030092592593 0.9437326388888888 0.053749999999999964 0.04486111111111128
0 0.3361979166666667 0.8939756944444444 0.05366898148148156 0.04329861111111129
0 0.27491898148148153 0.5386226851851852 0.05350694444444439 0.040173611111111104
0 0.33728587962962964 0.4491377314814814 0.051863425925925896 0.038530092592592526
0 0.27445601851851853 0.3944560185185185 0.05350694444444439 0.040173611111111104
0 0.33676504629629633 0.6945428240740741 0.05194444444444439 0.04009259259259253
0 0.3369675925925926 0.5932638888888888 0.0517824074074074 0.036967592592592524
0 0.2750694444444445 0.34618055555555555 0.052025462962962975 0.04165509259259252
0 0.39921296296296294 0.5014351851851852 0.050300925925925985 0.03844907407407412
0 0.33491898148148147 0.7941782407407407 0.05350694444444439 0.040173611111111285
0 0.27435185185185185 0.7380555555555556 0.051863425925925986 0.038530092592592526
0 0.2741493055555556 0.8393344907407407 0.053587962962962976 0.041736111111111286