0 0.6828125 0.2359375 0.05390625 0.03984375
0 0.621875 0.28515625 0.0515625 0.03984375
0 0.62265625 0.3328125 0.05234375 0.03984375
0 0.6859375 0.3828125 0.053125 0.0390625
0 0.75078125 0.43125 0.0515625 0.0390625
0 0.6890625 0.48125 0.05234375 0.03984375
0 0.75390625 0.53046875 0.05234375 0.03984375
0 0.69296875 0.58359375 0.053125 0.040625
0 0.69375 0.63359375 0.053125 0.040625
0 0.759375 0.68515625 0.0546875 0.040625
0 0.696875 0.7390625 0.05234375 0.04140625
0 0.7625 0.7890625 0.0546875 0.0421875
0 0.76328125 0.8421875 0.0546875 0.0421875
0 0.76640625 0.8953125 0.05859375 0.04375
0 0.8265625 0.9484375 0.05546875 0.04140625