0 0.2125 0.228125 0.05078125 0.0359375
0 0.39140625 0.4109375 0.04609375 0.034375
0 0.83515625 0.31875 0.04296875 0.03359375
0 0.72109375 0.275 0.04453125 0.0328125
0 0.2734375 0.50546875 0.05 0.0375
0 0.784375 0.40859375 0.04609375 0.03359375
0 0.45390625 0.553125 0.04765625 0.0359375
0 0.44765625 0.31875 0.04921875 0.0359375
0 0.73203125 0.50078125 0.04921875 0.034375
0 0.33359375 0.60234375 0.05078125 0.03671875
0 0.66875 0.3640625 0.04609375 0.03359375
0 0.33359375 0.7515625 0.04921875 0.0375
0 0.67890625 0.596875 0.046875 0.034375
0 0.865625 0.78984375 0.046875 0.0375
0 0.68984375 0.8453125 0.05078125 0.0390625
0 0.61328125 0.45625 0.04609375 0.034375
0 0.6234375 0.69609375 0.04765625 0.03671875
0 0.39453125 0.65 0.046875 0.0359375
0 0.27265625 0.8546875 0.05078125 0.03984375
0 0.7984375 0.64375 0.04609375 0.0359375
0 0.209375 0.703125 0.05234375 0.03828125
0 0.80859375 0.89375 0.05234375 0.0390625
0 0.45390625 0.9015625 0.05234375 0.03984375
0 0.85234375 0.5484375 0.0453125 0.0328125
0 0.7453125 0.74375 0.04765625 0.03671875
0 0.60546875 0.2296875 0.0421875 0.03125
0 0.33125 0.27421875 0.04765625 0.0359375
0 0.271875 0.3640625 0.05078125 0.03828125
0 0.2109375 0.4578125 0.0515625 0.03828125
0 0.4578125 0.79921875 0.05078125 0.040625