0 0.33515625 0.246875 0.0515625 0.0390625
0 0.74453125 0.2953125 0.0484375 0.0359375
0 0.33515625 0.4390625 0.0484375 0.0375
0 0.86796875 0.34375 0.04921875 0.03671875
0 0.45703125 0.29453125 0.05 0.03671875
0 0.625 0.24765625 0.0484375 0.0359375
0 0.45703125 0.34296875 0.05234375 0.03828125
0 0.6265625 0.440625 0.05 0.03671875
0 0.45859375 0.5375 0.05078125 0.0375
0 0.86796875 0.39140625 0.0484375 0.03671875
0 0.8109375 0.53671875 0.05 0.03671875
0 0.396875 0.4875 0.0484375 0.0359375
0 0.39609375 0.58671875 0.04921875 0.0375
0 0.45703125 0.390625 0.05 0.03671875
0 0.87109375 0.48828125 0.04921875 0.03828125
0 0.8734375 0.58671875 0.05 0.03828125
0 0.4578125 0.68828125 0.05 0.03828125
0 0.33203125 0.6375 0.05078125 0.03828125
0 0.75625 0.8390625 0.05078125 0.03984375
0 0.26953125 0.7390625 0.0515625 0.040625
0 0.63125 0.7890625 0.05078125 0.03828125
0 0.8765625 0.68671875 0.05078125 0.0390625
0 0.69375 0.89140625 0.05234375 0.040625
0 0.4578125 0.84140625 0.0515625 0.040625
0 0.875 0.63671875 0.05 0.03828125
0 0.4578125 0.78984375 0.0515625 0.0390625
0 0.26796875 0.89296875 0.0515625 0.040625
0 0.453125 0.94375 0.05234375 0.0390625
0 0.878125 0.9421875 0.05078125 0.03828125
0 0.87734375 0.7375 0.05078125 0.0390625