0 0.20289930555555555 0.2830729166666667 0.056493055555555574 0.04427083333333339
0 0.2658680555555556 0.32958333333333334 0.05336805555555557 0.044062499999999984
0 0.6709375 0.2774479166666667 0.05017361111111107 0.04229166666666666
0 0.26684027777777775 0.37822916666666667 0.05493055555555557 0.044166666666666646
0 0.26795138888888886 0.42374999999999996 0.05493055555555557 0.044166666666666646
0 0.6157812500000001 0.3725 0.05336805555555557 0.044062499999999984
0 0.27166666666666667 0.6222395833333334 0.05500000000000007 0.04572916666666664
0 0.32999999999999996 0.4733333333333333 0.05336805555555557 0.044062500000000074
0 0.7330555555555556 0.32546875000000003 0.051875000000000074 0.04552083333333332
0 0.39553819444444444 0.5678124999999999 0.05493055555555557 0.044166666666666646
0 0.7995138888888889 0.41687499999999994 0.05336805555555557 0.044062500000000074
0 0.2690798611111111 0.5217708333333333 0.05656249999999998 0.04583333333333339
0 0.4600173611111111 0.6684895833333334 0.056631944444444395 0.047395833333333214
0 0.7531944444444445 0.6128125000000001 0.05343750000000007 0.04562500000000007
0 0.6813194444444445 0.46697916666666667 0.05656250000000007 0.04583333333333321
0 0.8827951388888888 0.7115625 0.055069444444444574 0.04729166666666664
0 0.6250868055555555 0.5157291666666667 0.05336805555555557 0.044062500000000074
0 0.2767013888888889 0.9320833333333333 0.05826388888888889 0.04906250000000014
0 0.2734027777777778 0.72421875 0.058194444444444396 0.047499999999999966
0 0.27588541666666666 0.8270312499999999 0.061388888888888896 0.049270833333333285
0 0.6945138888888889 0.66375 0.056631944444444395 0.047395833333333214
0 0.7009027777777778 0.7668229166666667 0.05500000000000007 0.04572916666666664
0 0.4029861111111111 0.87625 0.05826388888888889 0.04906250000000014
0 0.8295659722222222 0.8161458333333332 0.05819444444444457 0.04750000000000014
0 0.6888368055555556 0.5622916666666666 0.05656250000000007 0.04583333333333321
0 0.7065104166666667 0.86984375 0.05826388888888889 0.04906250000000014
0 0.71046875 0.9218229166666667 0.056631944444444395 0.04739583333333357
0 0.33619791666666665 0.7746354166666667 0.059687499999999984 0.04604166666666672
0 0.2743055555555555 0.98109375 0.05975694444444439 0.03781250000000007
0 0.7080729166666666 0.9757291666666668 0.05819444444444457 0.04750000000000014