0 0.44646990740740744 0.27619791666666665 0.05457175925925917 0.044062500000000074
0 0.7242766203703704 0.27994791666666663 0.05133101851851869 0.04229166666666666
0 0.4530671296296297 0.32328125 0.05289351851851851 0.04239583333333332
0 0.7331597222222223 0.32640625 0.05289351851851851 0.04239583333333332
0 0.4678819444444445 0.41833333333333333 0.05289351851851851 0.04239583333333332
0 0.4604456018518518 0.37041666666666667 0.054456018518518515 0.04249999999999998
0 0.740480324074074 0.37276041666666665 0.05133101851851851 0.04229166666666666
0 0.4885127314814815 0.5604166666666666 0.05457175925925917 0.044062500000000074
0 0.7560185185185185 0.46708333333333335 0.05289351851851851 0.04239583333333332
0 0.7730613425925925 0.5607291666666667 0.05445601851851869 0.04250000000000007
0 0.7494791666666667 0.42078125 0.05289351851851851 0.04239583333333332
0 0.47453703703703703 0.46619791666666666 0.05289351851851851 0.04239583333333332
0 0.4952835648148149 0.6098437499999999 0.05457175925925917 0.044062500000000074
0 0.48191550925925924 0.5133333333333333 0.05289351851851851 0.0423958333333335
0 0.7640625 0.5127083333333333 0.052777777777777854 0.04083333333333332
0 0.5028356481481481 0.6593229166666668 0.05457175925925917 0.044062500000000074
0 0.7896701388888889 0.6590104166666666 0.053009259259259166 0.04395833333333332
0 0.5096643518518519 0.7095312500000001 0.05457175925925917 0.044062500000000074
0 0.52421875 0.8115625 0.0546875 0.04562500000000007
0 0.5166087962962964 0.7613020833333334 0.05457175925925917 0.044062500000000074
0 0.5387152777777777 0.9128125 0.05625 0.04572916666666664
0 0.5311053240740741 0.8625520833333333 0.05625 0.04572916666666664
0 0.806394675925926 0.7588541666666667 0.053009259259259166 0.04395833333333332
0 0.5411458333333334 0.9666145833333333 0.057928240740740836 0.047395833333333214
0 0.798119212962963 0.7101041666666666 0.053009259259259166 0.04395833333333332
0 0.833304398148148 0.9122395833333334 0.05636574074074048 0.04729166666666664
0 0.824855324074074 0.8611458333333333 0.0546875 0.04562500000000007
0 0.8378472222222222 0.9630729166666667 0.05648148148148167 0.04885416666666664
0 0.815625 0.8099999999999999 0.0546875 0.04562500000000007
0 0.7822337962962964 0.61109375 0.05457175925925917 0.044062500000000074