0 0.3576678240740741 0.2549363425925926 0.0578125 0.04510416666666668
0 0.7050636574074074 0.3011284722222222 0.053009259259259166 0.041736111111111106
0 0.4134837962962963 0.3118402777777778 0.05306712962962958 0.04329861111111111
0 0.27641782407407406 0.44093171296296296 0.054629629629629584 0.04337962962962969
0 0.34215856481481477 0.39894097222222225 0.054629629629629584 0.0433796296296296
0 0.4086226851851852 0.35855324074074074 0.05306712962962958 0.04329861111111111
0 0.19375 0.5806712962962963 0.054629629629629584 0.04337962962962969
0 0.6805555555555556 0.540162037037037 0.05306712962962958 0.04329861111111111
0 0.45381944444444444 0.5119675925925926 0.053125 0.04486111111111111
0 0.6904224537037036 0.44282986111111117 0.051446759259259164 0.04165509259259252
0 0.700144675925926 0.3494039351851852 0.053009259259259166 0.041736111111111106
0 0.6156828703703704 0.5798495370370371 0.053009259259259166 0.041736111111111106
0 0.20031828703703702 0.5301331018518518 0.05457175925925926 0.04181712962962969
0 0.2511863425925926 0.63609375 0.0546875 0.04494212962962969
0 0.6722222222222223 0.6383564814814815 0.05306712962962958 0.04329861111111111
0 0.8638599537037036 0.5152256944444444 0.05625 0.0450231481481481
0 0.7288773148148148 0.6937384259259259 0.05306712962962958 0.04329861111111111
0 0.24537037037037032 0.6874537037037036 0.05630787037037042 0.0465856481481481
0 0.15439814814814815 0.882337962962963 0.05943287037037037 0.04674768518518526
0 0.642361111111111 0.9373842592592592 0.054745370370370236 0.046504629629629333
0 0.7831597222222222 0.7497800925925926 0.05150462962962958 0.04321759259259252
0 0.3011574074074074 0.7451388888888889 0.053125 0.04486111111111111
0 0.29615162037037035 0.7957581018518518 0.0546875 0.04494212962962969
0 0.8313078703703705 0.9080439814814815 0.0546875 0.04494212962962969
0 0.2888310185185185 0.845474537037037 0.0546875 0.04494212962962969
0 0.20940393518518516 0.939982638888889 0.0546875 0.04494212962962933
0 0.633449074074074 0.9826851851851852 0.053125 0.034629629629629476
0 0.839670138888889 0.809068287037037 0.054745370370370236 0.04650462962962969
0 0.7716145833333333 0.8501562500000001 0.05625 0.0450231481481481
0 0.7552662037037037 0.40392361111111114 0.05625 0.0450231481481481