0 0.22442129629629629 0.18654513888888888 0.05906250000000002 0.043472222222222266
0 0.9038020833333335 0.24024305555555556 0.055937500000000286 0.04340277777777777
0 0.3528587962962963 0.24701388888888892 0.05437500000000002 0.043368055555555604
0 0.21223958333333331 0.38225694444444447 0.05906249999999993 0.043472222222222176
0 0.4130497685185185 0.29961805555555554 0.05437499999999993 0.043368055555555604
0 0.9005497685185185 0.28878472222222223 0.055891203703703596 0.04184027777777777
0 0.28210648148148143 0.3392708333333333 0.057499999999999926 0.04343750000000002
0 0.6454976851851851 0.4140625 0.05276620370370359 0.041770833333333354
0 0.7098958333333334 0.3711979166666667 0.05276620370370359 0.041770833333333354
0 0.8988136574074075 0.3357291666666667 0.05437499999999993 0.043368055555555604
0 0.8269328703703703 0.5218229166666667 0.055937500000000286 0.04340277777777786
0 0.4056365740740741 0.4451909722222222 0.05593749999999993 0.04340277777777786
0 0.19863425925925923 0.5826909722222222 0.060717592592592594 0.04663194444444443
0 0.7675462962962962 0.4699826388888889 0.054328703703703594 0.04180555555555561
0 0.33735532407407404 0.48892361111111116 0.05593749999999993 0.04340277777777786
0 0.269994212962963 0.537326388888889 0.059108796296296263 0.04503472222222236
0 0.634855324074074 0.6089583333333334 0.054328703703703594 0.04180555555555543
0 0.82453125 0.5726909722222222 0.05593749999999993 0.04340277777777786
0 0.18434027777777778 0.7862673611111111 0.060717592592592594 0.04663194444444443
0 0.8789409722222222 0.7731770833333333 0.05754629629629626 0.04499999999999993
0 0.39198495370370373 0.6440625000000001 0.057499999999999926 0.04343749999999993
0 0.6292013888888889 0.7083680555555556 0.05442129629629626 0.044930555555555605
0 0.7569270833333334 0.6656597222222222 0.05281249999999993 0.043333333333333356
0 0.4530266203703704 0.6989930555555556 0.05754629629629626 0.04499999999999993
0 0.24767939814814816 0.8395833333333332 0.05915509259259259 0.046597222222222
0 0.6243287037037037 0.8077604166666668 0.05442129629629626 0.04493055555555543
0 0.7463541666666667 0.8628993055555554 0.05598379629629626 0.044965277777777854
0 0.31980902777777775 0.7410416666666666 0.057500000000000016 0.04343749999999993
0 0.36972800925925925 0.8955034722222223 0.05754629629629626 0.04500000000000028
0 0.802662037037037 0.9163715277777778 0.05598379629629626 0.044965277777777854