0 0.3484375 0.24609375 0.05390625 0.0390625
0 0.69765625 0.25 0.0484375 0.0359375
0 0.409375 0.2953125 0.0484375 0.03671875
0 0.2875 0.440625 0.05078125 0.0375
0 0.3484375 0.390625 0.05 0.03671875
0 0.41015625 0.34296875 0.0484375 0.0375
0 0.2203125 0.5890625 0.05078125 0.0375
0 0.69921875 0.48984375 0.04921875 0.0375
0 0.47109375 0.48984375 0.0484375 0.03828125
0 0.6984375 0.3921875 0.04765625 0.0359375
0 0.6984375 0.2984375 0.0484375 0.0359375
0 0.6390625 0.5375 0.04921875 0.0359375
0 0.221875 0.53828125 0.05 0.0359375
0 0.28359375 0.6375 0.05078125 0.03828125
0 0.7015625 0.58828125 0.04921875 0.0375
0 0.878125 0.44296875 0.05234375 0.03828125
0 0.76328125 0.63671875 0.0484375 0.03671875
0 0.2828125 0.6890625 0.05234375 0.040625
0 0.21328125 0.89375 0.0546875 0.040625
0 0.703125 0.8890625 0.05078125 0.03984375
0 0.8234375 0.6859375 0.04765625 0.0375
0 0.34453125 0.73984375 0.04921875 0.03828125
0 0.34453125 0.790625 0.05 0.0390625
0 0.8875 0.83671875 0.05 0.0390625
0 0.34296875 0.840625 0.05 0.03828125
0 0.27421875 0.94453125 0.05 0.0390625
0 0.7 0.940625 0.04921875 0.0390625
0 0.88515625 0.7375 0.05 0.040625
0 0.82265625 0.78671875 0.05234375 0.03828125
0 0.75859375 0.3453125 0.05234375 0.03828125