0 0.42463541666666665 0.2515625 0.05593749999999993 0.0421875
0 0.8335416666666667 0.2234375 0.05260416666666643 0.0390625
0 0.42380208333333336 0.29921875 0.05437499999999993 0.0421875
0 0.8342708333333334 0.27109375 0.054270833333333005 0.040625
0 0.42609375 0.346875 0.05427083333333336 0.040625
0 0.4272916666666666 0.53984375 0.05583333333333336 0.040625
0 0.8396354166666666 0.41328125 0.05427083333333336 0.040625
0 0.4266145833333333 0.44453125 0.05437499999999993 0.0421875
0 0.4260416666666667 0.39453125 0.05427083333333336 0.040625
0 0.4273958333333333 0.49140625 0.05427083333333336 0.040625
0 0.4278645833333334 0.58984375 0.05427083333333336 0.040625
0 0.8374479166666667 0.3640625 0.05270833333333336 0.040625
0 0.8427604166666667 0.46015625 0.05427083333333336 0.040625
0 0.8375 0.31640625 0.054166666666666786 0.0390625
0 0.4289583333333333 0.690625 0.05593749999999993 0.0421875
0 0.8449479166666667 0.509375 0.05427083333333336 0.040625
0 0.4276041666666667 0.79296875 0.05760416666666668 0.04375
0 0.8485416666666665 0.6078125 0.054375000000000284 0.0421875
0 0.4286458333333333 0.89453125 0.05760416666666668 0.04375
0 0.4302083333333333 0.7421875 0.05760416666666668 0.04375
0 0.4296875 0.84375 0.05760416666666668 0.04375
0 0.8490104166666667 0.659375 0.057499999999999926 0.0421875
0 0.8580729166666667 0.86328125 0.05760416666666686 0.04375
0 0.8534375000000001 0.71015625 0.05750000000000029 0.0421875
0 0.42510416666666667 0.94765625 0.05760416666666668 0.04375
0 0.8539583333333333 0.7609375 0.05760416666666686 0.04375
0 0.8559374999999999 0.81328125 0.05770833333333343 0.0453125
0 0.8447916666666668 0.55859375 0.054375000000000284 0.0421875
0 0.8538020833333334 0.915625 0.055833333333333 0.040625
0 0.42843749999999997 0.63984375 0.05760416666666668 0.04375