0 0.19296875 0.2171875 0.0546875 0.03828125
0 0.8734375 0.2265625 0.0515625 0.0375
0 0.32421875 0.26875 0.05078125 0.0375
0 0.1921875 0.41328125 0.0546875 0.03828125
0 0.3875 0.31796875 0.05078125 0.0375
0 0.8734375 0.275 0.0515625 0.03671875
0 0.259375 0.365625 0.053125 0.0375
0 0.62578125 0.4171875 0.04921875 0.03671875
0 0.6875 0.36953125 0.0484375 0.03671875
0 0.87421875 0.321875 0.05078125 0.0375
0 0.81328125 0.5125 0.0515625 0.0375
0 0.38828125 0.46328125 0.0515625 0.0375
0 0.18984375 0.6140625 0.05625 0.03984375
0 0.75078125 0.46484375 0.05 0.03671875
0 0.32265625 0.51171875 0.0515625 0.0375
0 0.25859375 0.5640625 0.05390625 0.03984375
0 0.6265625 0.61171875 0.05 0.03671875
0 0.8140625 0.56328125 0.0515625 0.03828125
0 0.1875 0.81796875 0.05546875 0.040625
0 0.8796875 0.76015625 0.053125 0.0390625
0 0.38671875 0.6625 0.05234375 0.03828125
0 0.6265625 0.71171875 0.04921875 0.0390625
0 0.7515625 0.6609375 0.04921875 0.0375
0 0.45078125 0.7140625 0.05234375 0.03984375
0 0.25390625 0.8671875 0.05390625 0.040625
0 0.62734375 0.8109375 0.05 0.03984375
0 0.75234375 0.85859375 0.0515625 0.0390625
0 0.3203125 0.7640625 0.05234375 0.03828125
0 0.37890625 0.915625 0.05234375 0.0390625
0 0.81171875 0.9078125 0.0515625 0.0390625