0 0.43984375 0.21796875 0.0515625 0.0375
0 0.775 0.2234375 0.046875 0.03359375
0 0.8328125 0.36171875 0.04609375 0.034375
0 0.37890625 0.40390625 0.04765625 0.0359375
0 0.32109375 0.26171875 0.04765625 0.03515625
0 0.6015625 0.2671875 0.04453125 0.0359375
0 0.31875 0.44921875 0.05 0.03515625
0 0.6 0.49921875 0.04609375 0.03515625
0 0.190625 0.6421875 0.04921875 0.0375
0 0.715625 0.4078125 0.0453125 0.034375
0 0.19375 0.5453125 0.053125 0.0359375
0 0.77578125 0.5484375 0.046875 0.034375
0 0.4375 0.496875 0.04921875 0.0359375
0 0.60078125 0.31328125 0.04453125 0.03515625
0 0.19921875 0.353125 0.04765625 0.03515625
0 0.77578125 0.73828125 0.0453125 0.034375
0 0.37265625 0.78828125 0.0484375 0.03671875
0 0.26015625 0.30625 0.0453125 0.03515625
0 0.2546875 0.5921875 0.04765625 0.0359375
0 0.59921875 0.690625 0.046875 0.0359375
0 0.6578125 0.6421875 0.05 0.03671875
0 0.66015625 0.7875 0.04921875 0.0375
0 0.715625 0.59453125 0.04453125 0.03359375
0 0.1859375 0.73984375 0.0515625 0.0375
0 0.7734375 0.45390625 0.04453125 0.0328125
0 0.77578125 0.83515625 0.05 0.0375
0 0.31171875 0.69140625 0.0484375 0.03671875
0 0.43203125 0.83828125 0.05078125 0.03984375
0 0.24375 0.8890625 0.0515625 0.0390625
0 0.71484375 0.8859375 0.04921875 0.03828125