0 0.278125 0.24609375 0.05078125 0.0375
0 0.39765625 0.2953125 0.0515625 0.0390625
0 0.39765625 0.3421875 0.05078125 0.0390625
0 0.2125 0.33984375 0.05234375 0.0375
0 0.2734375 0.3890625 0.0515625 0.03984375
0 0.39609375 0.43984375 0.05546875 0.03828125
0 0.3328125 0.48671875 0.0515625 0.03828125
0 0.39296875 0.53671875 0.05234375 0.0421875
0 0.453125 0.58828125 0.053125 0.040625
0 0.45234375 0.6390625 0.05390625 0.0421875
0 0.3875 0.690625 0.0515625 0.04140625
0 0.32421875 0.740625 0.05234375 0.04140625
0 0.3859375 0.7921875 0.05390625 0.040625
0 0.44921875 0.79375 0.05390625 0.0421875
0 0.1921875 0.84296875 0.053125 0.04140625
0 0.2546875 0.89609375 0.05546875 0.0421875
0 0.18359375 0.9484375 0.0546875 0.040625
0 0.3125 0.9484375 0.053125 0.04140625
0 0.68984375 0.25078125 0.05 0.0390625
0 0.74921875 0.2984375 0.05 0.03828125
0 0.75078125 0.346875 0.0546875 0.0390625
0 0.6265625 0.39375 0.05078125 0.03828125
0 0.8109375 0.3953125 0.05078125 0.0375
0 0.68828125 0.44375 0.05078125 0.03828125
0 0.68828125 0.49140625 0.053125 0.0375
0 0.62578125 0.5390625 0.0515625 0.03984375
0 0.875 0.5921875 0.05078125 0.03984375
0 0.8140625 0.6421875 0.05390625 0.040625
0 0.75078125 0.69296875 0.05234375 0.03984375
0 0.8140625 0.7453125 0.05234375 0.04140625
0 0.87734375 0.796875 0.0546875 0.0421875
0 0.7515625 0.84765625 0.05390625 0.040625
0 0.7515625 0.90078125 0.05390625 0.04140625
0 0.809375 0.95234375 0.05234375 0.040625