0 0.3730150462962963 0.24288194444444447 0.05656249999999998 0.04468750000000003
0 0.31558449074074074 0.2970138888888889 0.05657407407407407 0.046250000000000034
0 0.3807581018518519 0.3386631944444444 0.05501157407407407 0.04618055555555554
0 0.4451620370370371 0.3819097222222222 0.05656250000000007 0.04468750000000003
0 0.38773726851851853 0.4368229166666667 0.05815972222222214 0.04944444444444436
0 0.20538194444444446 0.5066666666666666 0.05971064814814815 0.047951388888888856
0 0.3954918981481481 0.5341666666666667 0.059675925925925986 0.04326388888888886
0 0.33807870370370374 0.5906423611111111 0.05657407407407407 0.046250000000000034
0 0.4008912037037037 0.6300520833333334 0.05814814814814824 0.04788194444444436
0 0.2817881944444444 0.6931770833333333 0.05973379629629623 0.05107638888888886
0 0.40945023148148146 0.7304861111111112 0.05658564814814824 0.047812500000000036
0 0.349693287037037 0.7870659722222222 0.05814814814814815 0.04788194444444453
0 0.41487847222222224 0.8302777777777777 0.059710648148148235 0.047951388888888856
0 0.4823900462962962 0.8710416666666667 0.05657407407407398 0.04624999999999986
0 0.41952546296296295 0.9301041666666666 0.056597222222222146 0.049374999999999857
0 0.6635127314814815 0.2127777777777778 0.05657407407407398 0.046250000000000034
0 0.7872337962962963 0.2455729166666667 0.05657407407407398 0.046250000000000034
0 0.7305844907407407 0.2996701388888889 0.05657407407407415 0.046250000000000034
0 0.7949826388888889 0.3421354166666667 0.05813657407407398 0.04631944444444445
0 0.859375 0.38381944444444444 0.05501157407407398 0.04618055555555554
0 0.8035069444444446 0.4378819444444444 0.05501157407407433 0.04618055555555571
0 0.6859606481481482 0.5001562500000001 0.05658564814814824 0.047812499999999855
0 0.8104861111111111 0.5360416666666666 0.05501157407407398 0.04618055555555554
0 0.6952777777777778 0.5974305555555556 0.05657407407407398 0.046250000000000034
0 0.8182407407407407 0.6333854166666667 0.05501157407407433 0.04618055555555554
0 0.6390104166666667 0.7030902777777778 0.06284722222222214 0.04965277777777786
0 0.8275578703703704 0.7306597222222222 0.05502314814814824 0.04774305555555554
0 0.8919618055555556 0.77390625 0.05502314814814824 0.04774305555555554
0 0.8353240740740742 0.8295659722222222 0.05817129629629605 0.051006944444444355
0 0.7138946759259259 0.8951388888888889 0.05501157407407398 0.04618055555555571