0 0.334375 0.24609375 0.0515625 0.03984375
0 0.27109375 0.29375 0.04765625 0.0359375
0 0.6859375 0.24921875 0.04453125 0.0328125
0 0.39609375 0.39296875 0.04765625 0.034375
0 0.74609375 0.2984375 0.046875 0.0359375
0 0.62578125 0.39453125 0.046875 0.03515625
0 0.334375 0.34375 0.0484375 0.0359375
0 0.2703125 0.590625 0.05 0.0359375
0 0.20625 0.74296875 0.05078125 0.0375
0 0.334375 0.490625 0.05 0.0359375
0 0.68828125 0.34609375 0.04609375 0.03515625
0 0.45859375 0.63984375 0.05 0.03671875
0 0.3953125 0.4421875 0.0484375 0.0359375
0 0.6921875 0.73984375 0.046875 0.0359375
0 0.2703125 0.79140625 0.05234375 0.0359375
0 0.27265625 0.53984375 0.05078125 0.03671875
0 0.6296875 0.6890625 0.0484375 0.0359375
0 0.3953125 0.690625 0.05 0.0375
0 0.6890625 0.48984375 0.04921875 0.0359375
0 0.68984375 0.6390625 0.04921875 0.0359375
0 0.6875 0.44296875 0.04921875 0.03671875
0 0.81640625 0.88984375 0.04921875 0.03828125
0 0.3328125 0.84375 0.05078125 0.03828125
0 0.7515625 0.94140625 0.04921875 0.03828125
0 0.3890625 0.946875 0.04921875 0.0375
0 0.6921875 0.7890625 0.0484375 0.03515625
0 0.7546875 0.8390625 0.0484375 0.03828125
0 0.75 0.5890625 0.05078125 0.0359375
0 0.26875 0.8953125 0.0515625 0.03984375
0 0.7484375 0.5375 0.04921875 0.034375