0 0.20625 0.2375 0.04921875 0.03515625
0 0.2 0.471875 0.05234375 0.03671875
0 0.6078125 0.4734375 0.04765625 0.03515625
0 0.609375 0.56953125 0.04921875 0.03515625
0 0.38203125 0.56953125 0.04921875 0.0359375
0 0.61171875 0.76875 0.04921875 0.0390625
0 0.44375 0.38046875 0.04921875 0.03671875
0 0.6125 0.8703125 0.04921875 0.03828125
0 0.20234375 0.4234375 0.05078125 0.0359375
0 0.8546875 0.81640625 0.05078125 0.0390625
0 0.2546875 0.771875 0.05234375 0.040625
0 0.609375 0.92109375 0.05078125 0.040625
0 0.1796875 0.925 0.05546875 0.04140625
0 0.78359375 0.428125 0.0453125 0.034375
0 0.61015625 0.6171875 0.0484375 0.0375
0 0.66328125 0.24296875 0.04453125 0.03515625
0 0.20390625 0.3296875 0.0484375 0.03515625
0 0.78671875 0.5203125 0.04609375 0.034375
0 0.665625 0.334375 0.04609375 0.03515625
0 0.60703125 0.38125 0.046875 0.034375
0 0.60625 0.28828125 0.046875 0.03515625
0 0.265625 0.28359375 0.04765625 0.03515625
0 0.19609375 0.61875 0.05234375 0.0375
0 0.19921875 0.5203125 0.05078125 0.0359375
0 0.7328125 0.7171875 0.0484375 0.03828125
0 0.61015625 0.6671875 0.05 0.03828125
0 0.18828125 0.821875 0.0515625 0.03984375
0 0.31796875 0.66796875 0.04921875 0.0375
0 0.1921875 0.71953125 0.05078125 0.03828125
0 0.315625 0.871875 0.05078125 0.0390625