0 0.38984375 0.2328125 0.05234375 0.0375
0 0.75 0.2328125 0.04921875 0.0359375
0 0.20078125 0.328125 0.053125 0.03828125
0 0.453125 0.2796875 0.05 0.0375
0 0.6265625 0.378125 0.05 0.0375
0 0.81171875 0.28046875 0.05 0.0375
0 0.39296875 0.42734375 0.05078125 0.0375
0 0.265625 0.378125 0.0515625 0.03828125
0 0.26796875 0.5234375 0.05078125 0.0375
0 0.20234375 0.47578125 0.053125 0.03828125
0 0.8125 0.328125 0.05078125 0.0375
0 0.68984375 0.52109375 0.05 0.03671875
0 0.81328125 0.47265625 0.05078125 0.03671875
0 0.39375 0.57265625 0.05078125 0.03671875
0 0.628125 0.4265625 0.04921875 0.0359375
0 0.3328125 0.62109375 0.053125 0.03828125
0 0.63046875 0.61875 0.05078125 0.0375
0 0.753125 0.5703125 0.05078125 0.0359375
0 0.4578125 0.71953125 0.05078125 0.03828125
0 0.20390625 0.671875 0.05234375 0.03828125
0 0.75546875 0.71640625 0.05078125 0.0375
0 0.2046875 0.7703125 0.053125 0.0390625
0 0.63125 0.76640625 0.05078125 0.0375
0 0.81640625 0.6671875 0.05078125 0.0375
0 0.6328125 0.86328125 0.05 0.0375
0 0.75546875 0.8125 0.05 0.03828125
0 0.3953125 0.8171875 0.05 0.03671875
0 0.33359375 0.865625 0.0515625 0.03828125
0 0.690625 0.9109375 0.05 0.0390625
0 0.26640625 0.91484375 0.0515625 0.03828125