0 0.23747106481481478 0.22901041666666666 0.05342592592592599 0.043773148148148165
0 0.2933506944444445 0.28234375 0.051851851851851906 0.0421180555555555
0 0.7653125000000001 0.29858796296296297 0.05341435185185191 0.042210648148148164
0 0.22392361111111114 0.36967592592592596 0.05342592592592599 0.043773148148148165
0 0.877482638888889 0.45530092592592586 0.05186342592592581 0.0436805555555555
0 0.7610532407407408 0.3460127314814815 0.051863425925925986 0.0436805555555555
0 0.46560763888888895 0.45199652777777777 0.05186342592592581 0.0436805555555555
0 0.3360590277777778 0.531076388888889 0.0534259259259259 0.043773148148148165
0 0.29064814814814816 0.3306423611111111 0.05342592592592599 0.043773148148148165
0 0.8184895833333334 0.4002199074074074 0.05186342592592581 0.0436805555555555
0 0.4020196759259259 0.4896527777777777 0.051851851851851906 0.0421180555555555
0 0.7533969907407407 0.5354861111111111 0.051851851851851906 0.0421180555555555
0 0.6905729166666668 0.5755324074074075 0.051851851851851906 0.0421180555555555
0 0.747193287037037 0.634380787037037 0.05342592592592581 0.043773148148148165
0 0.3934722222222222 0.5884085648148148 0.0534259259259259 0.043773148148148165
0 0.8154340277777777 0.4961747685185186 0.05186342592592581 0.0436805555555555
0 0.25490162037037034 0.7247916666666667 0.053437499999999985 0.04533564814814817
0 0.45010416666666664 0.6456944444444443 0.05342592592592599 0.043773148148148165
0 0.24554976851851854 0.8266261574074075 0.05657407407407407 0.047083333333333144
0 0.6808564814814815 0.7265856481481482 0.05186342592592581 0.0436805555555555
0 0.31386574074074075 0.7837789351851852 0.05500000000000007 0.04542824074074083
0 0.8628298611111112 0.8507002314814816 0.05500000000000007 0.04542824074074048
0 0.7460416666666667 0.6843344907407407 0.05342592592592581 0.043773148148148165
0 0.6734664351851851 0.8801215277777779 0.053449074074073975 0.046898148148147814
0 0.7406018518518518 0.785619212962963 0.05343750000000007 0.04533564814814817
0 0.24125000000000002 0.8795196759259258 0.05658564814814815 0.048645833333333145
0 0.23149305555555558 0.9305266203703703 0.05501157407407407 0.04699074074074048
0 0.6707407407407407 0.9315451388888889 0.053449074074073975 0.04689814814814817
0 0.5992766203703704 0.9769415509259259 0.053449074074073975 0.046116898148148164