0 0.28252314814814816 0.2571122685185185 0.05451388888888893 0.04064814814814817
0 0.272974537037037 0.45150462962962956 0.05457175925925926 0.042210648148148164
0 0.27997685185185184 0.3047222222222222 0.05295138888888893 0.0405555555555555
0 0.27740162037037036 0.35311342592592593 0.053009259259259256 0.0421180555555555
0 0.27557870370370374 0.4023321759259259 0.05295138888888893 0.0405555555555555
0 0.27118055555555554 0.4999421296296296 0.05451388888888893 0.04064814814814817
0 0.695486111111111 0.33247685185185183 0.04982638888888893 0.04037037037037035
0 0.2658564814814815 0.601412037037037 0.05451388888888893 0.04064814814814817
0 0.6934606481481481 0.4294444444444444 0.05138888888888893 0.04046296296296301
0 0.6906539351851851 0.5263657407407407 0.05138888888888893 0.04046296296296283
0 0.26779513888888895 0.5490682870370371 0.05295138888888893 0.0405555555555555
0 0.2608796296296296 0.6512268518518518 0.05451388888888893 0.04064814814814817
0 0.6881944444444444 0.6773321759259259 0.054629629629629764 0.043773148148148165
0 0.6870659722222222 0.7289409722222222 0.05295138888888893 0.0405555555555555
0 0.6892939814814815 0.6265046296296296 0.05138888888888893 0.04046296296296283
0 0.6964699074074074 0.28477430555555555 0.048263888888888926 0.040277777777777767
0 0.6916666666666667 0.47788194444444443 0.05138888888888893 0.04046296296296301
0 0.6896412037037037 0.5748495370370371 0.05138888888888893 0.04046296296296283
0 0.25277777777777777 0.8065567129629629 0.05457175925925926 0.042210648148148164
0 0.2581597222222222 0.7035243055555556 0.05306712962962958 0.0436805555555555
0 0.2554398148148148 0.7558217592592593 0.054629629629629584 0.043773148148148165
0 0.6944444444444444 0.3817418981481481 0.054629629629629764 0.043773148148148165
0 0.6844328703703704 0.8845949074074074 0.054629629629629764 0.043773148148148165
0 0.24730902777777777 0.9119328703703704 0.054629629629629584 0.04377314814814781
0 0.6848090277777777 0.8321585648148148 0.05138888888888893 0.040462962962963187
0 0.6825231481481482 0.9361574074074074 0.0546875 0.04533564814814817
0 0.2500578703703703 0.8588541666666666 0.054629629629629584 0.043773148148148165
0 0.6859085648148148 0.7813310185185185 0.05138888888888893 0.04046296296296301
0 0.23912037037037032 0.96390625 0.054629629629629584 0.043773148148148165
0 0.6742766203703704 0.9838570601851853 0.05775462962962976 0.03228587962962948