0 0.19206597222222221 0.2805902777777778 0.05372685185185189 0.04298611111111113
0 0.6573958333333334 0.2684375 0.050578703703703806 0.041284722222222216
0 0.6011516203703703 0.31831597222222224 0.050601851851851974 0.04284722222222222
0 0.2563599537037037 0.37335069444444446 0.05214120370370372 0.04135416666666671
0 0.2611863425925926 0.46972222222222226 0.052141203703703634 0.04135416666666671
0 0.3125925925925926 0.3242534722222222 0.053726851851851797 0.04298611111111104
0 0.6084085648148149 0.4617013888888889 0.05214120370370381 0.04135416666666671
0 0.20590277777777777 0.6658333333333333 0.05372685185185189 0.04298611111111121
0 0.7850173611111111 0.3608854166666667 0.052164351851851795 0.042916666666666624
0 0.8595949074074074 0.5510416666666667 0.052164351851851976 0.042916666666666714
0 0.38645254629629633 0.5628472222222223 0.05057870370370372 0.041284722222222216
0 0.31900462962962967 0.4191319444444444 0.04901620370370363 0.04121527777777771
0 0.3270601851851852 0.6141493055555556 0.05214120370370372 0.04135416666666671
0 0.7882291666666666 0.40793402777777776 0.052141203703703634 0.04135416666666671
0 0.7328530092592592 0.5047569444444444 0.050578703703703806 0.041284722222222216
0 0.26282407407407404 0.5174826388888889 0.05214120370370372 0.04135416666666671
0 0.6789814814814814 0.6055555555555555 0.052164351851851976 0.042916666666666714
0 0.3310590277777778 0.7136111111111111 0.052164351851851795 0.042916666666666714
0 0.45938078703703705 0.8115625 0.052164351851851795 0.042916666666666714
0 0.7447164351851852 0.6538194444444445 0.052164351851851976 0.042916666666666714
0 0.6861168981481482 0.704375 0.052164351851851976 0.042916666666666714
0 0.2780266203703704 0.9160763888888889 0.05218749999999996 0.044479166666666715
0 0.3952199074074074 0.7625868055555556 0.05218749999999996 0.044479166666666715
0 0.8128125 0.7537847222222223 0.053750000000000145 0.04454861111111121
0 0.4609953703703704 0.8608854166666667 0.052187500000000143 0.044479166666666715
0 0.754994212962963 0.804375 0.053749999999999964 0.04454861111111121
0 0.7612905092592592 0.9070659722222223 0.05377314814814813 0.046111111111111214
0 0.33748842592592593 0.965625 0.05218749999999996 0.044479166666666715
0 0.8238657407407407 0.9575347222222224 0.053750000000000145 0.04454861111111086
0 0.696394675925926 0.8549305555555555 0.052187500000000143 0.044479166666666715