0 0.29140625 0.23984375 0.05234375 0.0375
0 0.2890625 0.434375 0.05234375 0.0390625
0 0.290625 0.2875 0.0515625 0.0375
0 0.28984375 0.3359375 0.0515625 0.0390625
0 0.28984375 0.38515625 0.0515625 0.03828125
0 0.2890625 0.4828125 0.053125 0.03828125
0 0.70625 0.290625 0.0484375 0.03671875
0 0.2875 0.584375 0.05234375 0.03828125
0 0.7078125 0.3875 0.05 0.0375
0 0.70859375 0.484375 0.05078125 0.03671875
0 0.2875 0.53203125 0.0515625 0.03671875
0 0.284375 0.634375 0.053125 0.03828125
0 0.71171875 0.63515625 0.05234375 0.040625
0 0.7125 0.68671875 0.0515625 0.0375
0 0.7109375 0.584375 0.05078125 0.03828125
0 0.70546875 0.24296875 0.04765625 0.03671875
0 0.7078125 0.4359375 0.04921875 0.03671875
0 0.709375 0.5328125 0.04921875 0.0375
0 0.28203125 0.78984375 0.05234375 0.0390625
0 0.28359375 0.68671875 0.0515625 0.03984375
0 0.2828125 0.7390625 0.05234375 0.03984375
0 0.70703125 0.33984375 0.05234375 0.03984375
0 0.715625 0.8421875 0.05234375 0.04140625
0 0.28046875 0.8953125 0.05390625 0.04140625
0 0.7140625 0.78984375 0.05078125 0.03828125
0 0.715625 0.89375 0.053125 0.0421875
0 0.28125 0.8421875 0.05234375 0.040625
0 0.71328125 0.7390625 0.05078125 0.03828125
0 0.27421875 0.94765625 0.05234375 0.040625
0 0.709375 0.94765625 0.05546875 0.040625