0 0.19571180555555556 0.24686342592592592 0.053877314814814795 0.039826388888888876
0 0.25483796296296296 0.2915277777777778 0.05222222222222221 0.0382407407407408
0 0.7264178240740741 0.23752314814814818 0.05378472222222221 0.038263888888888965
0 0.19041087962962963 0.3890972222222222 0.053877314814814795 0.039826388888888876
0 0.8464409722222221 0.3761400462962963 0.05231481481481452 0.0398032407407408
0 0.724375 0.2851909722222222 0.05231481481481488 0.0398032407407408
0 0.4355671296296297 0.4349537037037036 0.05231481481481488 0.03980324074074062
0 0.31015625 0.5324016203703703 0.053877314814814795 0.039826388888888786
0 0.2543113425925926 0.33999999999999997 0.053877314814814795 0.039826388888888876
0 0.7850173611111111 0.3306597222222222 0.0523148148148147 0.0398032407407408
0 0.3741493055555556 0.4817418981481481 0.05222222222222221 0.03824074074074062
0 0.7271875 0.47524305555555557 0.05222222222222221 0.03824074074074062
0 0.666412037037037 0.5243865740740741 0.05222222222222221 0.03824074074074062
0 0.7260416666666666 0.5737500000000001 0.05387731481481488 0.039826388888888786
0 0.3706134259259259 0.5809953703703703 0.05387731481481488 0.039826388888888786
0 0.7863541666666667 0.42685763888888884 0.05231481481481488 0.03980324074074062
0 0.23934027777777783 0.7377835648148148 0.05396990740740737 0.04138888888888879
0 0.43024305555555553 0.6303587962962963 0.05387731481481488 0.03982638888888897
0 0.23640046296296297 0.8401736111111111 0.05718750000000004 0.04299768518518512
0 0.6652430555555556 0.6760648148148147 0.05231481481481488 0.03980324074074062
0 0.3013136574074074 0.787181712962963 0.05553240740740737 0.041412037037036956
0 0.8534837962962964 0.7719039351851851 0.05553240740740719 0.041412037037036956
0 0.7277662037037038 0.6238194444444444 0.05387731481481488 0.039826388888888786
0 0.6654976851851852 0.8301099537037036 0.054062500000000034 0.04295138888888914
0 0.7279976851851852 0.725474537037037 0.05396990740740737 0.04138888888888879
0 0.2340335648148148 0.8933101851851852 0.05728009259259252 0.04456018518518512
0 0.22780671296296298 0.9456076388888889 0.055625000000000036 0.04297453703703695
0 0.6655671296296296 0.8817187499999999 0.05406249999999986 0.04295138888888914
0 0.5965625 0.9377777777777776 0.054062500000000034 0.04295138888888914