0 0.25506944444444446 0.27066550925925925 0.054027777777777786 0.04219907407407408
0 0.6623958333333333 0.2608738425925926 0.050833333333333286 0.038981481481481506
0 0.26946180555555554 0.4615914351851852 0.050868055555555534 0.04054398148148142
0 0.31774305555555554 0.31546296296296295 0.049270833333333285 0.03893518518518517
0 0.2618402777777778 0.36455439814814816 0.04930555555555553 0.04049768518518517
0 0.3862152777777778 0.4103993055555556 0.050868055555555534 0.04054398148148142
0 0.3945659722222222 0.5051157407407407 0.050833333333333286 0.038981481481481596
0 0.33793402777777776 0.5565277777777778 0.050833333333333286 0.038981481481481596
0 0.27972222222222226 0.6071122685185185 0.052430555555555536 0.04059027777777775
0 0.28394097222222225 0.656423611111111 0.052465277777777784 0.04215277777777793
0 0.6224305555555556 0.5001562500000001 0.052430555555555536 0.040590277777777926
0 0.8276562500000001 0.7412384259259259 0.054027777777777786 0.0421990740740739
0 0.3516840277777778 0.7536805555555556 0.05090277777777778 0.04210648148148142
0 0.7392013888888889 0.4497453703703703 0.052430555555555536 0.04059027777777775
0 0.6064756944444445 0.3091840277777778 0.052430555555555536 0.04059027777777775
0 0.61484375 0.40468171296296296 0.050868055555555534 0.04054398148148142
0 0.7307986111111111 0.3526851851851852 0.052430555555555536 0.04059027777777775
0 0.7525520833333333 0.5937962962962964 0.052430555555555536 0.040590277777777926
0 0.40835069444444444 0.7038310185185186 0.05090277777777778 0.04210648148148159
0 0.6273958333333333 0.5479282407407408 0.05399305555555571 0.04063657407407408
0 0.42366319444444445 0.9010300925925925 0.05250000000000003 0.043715277777777575
0 0.23531250000000004 0.8571932870370371 0.055625000000000036 0.04380787037037024
0 0.7702430555555555 0.7926273148148149 0.05249999999999986 0.04371527777777793
0 0.7610069444444444 0.6932002314814815 0.052465277777777784 0.04215277777777775
0 0.41598958333333336 0.8016493055555556 0.052465277777777784 0.04215277777777793
0 0.7144097222222222 0.8448437500000001 0.055659722222222284 0.04537037037037024
0 0.657013888888889 0.897013888888889 0.05725694444444436 0.04697916666666657
0 0.6951215277777778 0.6444039351851852 0.05715277777777779 0.042291666666666575
0 0.7190104166666667 0.9464756944444446 0.055624999999999855 0.04380787037037024
0 0.42319444444444443 0.9502025462962962 0.055625000000000036 0.04380787037037024