0 0.2078125 0.2515625 0.0515625 0.03828125
0 0.6078125 0.25546875 0.046875 0.03515625
0 0.20703125 0.296875 0.04921875 0.03671875
0 0.20546875 0.34375 0.05 0.0375
0 0.60859375 0.3015625 0.0484375 0.03671875
0 0.609375 0.34765625 0.0484375 0.0359375
0 0.20234375 0.4859375 0.05078125 0.03671875
0 0.20390625 0.38984375 0.05 0.0359375
0 0.2 0.534375 0.05 0.03671875
0 0.1984375 0.584375 0.05234375 0.03828125
0 0.61015625 0.440625 0.04921875 0.0375
0 0.609375 0.39375 0.0484375 0.03671875
0 0.61015625 0.48828125 0.04921875 0.03671875
0 0.61171875 0.53515625 0.04921875 0.03671875
0 0.203125 0.43828125 0.05 0.0359375
0 0.196875 0.634375 0.053125 0.0390625
0 0.61328125 0.63359375 0.04921875 0.0375
0 0.19453125 0.73515625 0.05390625 0.0390625
0 0.19296875 0.7859375 0.053125 0.040625
0 0.61171875 0.58515625 0.0484375 0.0375
0 0.6140625 0.73359375 0.05 0.03828125
0 0.19609375 0.68515625 0.05390625 0.03828125
0 0.19140625 0.8375 0.05390625 0.040625
0 0.18984375 0.8890625 0.053125 0.04140625
0 0.6140625 0.684375 0.04921875 0.0375
0 0.61484375 0.78359375 0.0515625 0.0390625
0 0.615625 0.8859375 0.0515625 0.03984375
0 0.6140625 0.834375 0.05390625 0.040625
0 0.18359375 0.940625 0.05234375 0.0390625
0 0.6109375 0.93828125 0.05078125 0.0390625