0 0.44614004629629633 0.20072337962962963 0.051851851851851906 0.04097222222222223
0 0.7813773148148149 0.19924768518518518 0.04712962962962965 0.036111111111111115
0 0.8378761574074074 0.336255787037037 0.04714120370370374 0.037673611111111074
0 0.383443287037037 0.3874710648148148 0.04871527777777782 0.039293981481481485
0 0.3269155092592593 0.24655671296296297 0.048703703703703735 0.03773148148148149
0 0.6074594907407407 0.2463252314814815 0.04557870370370374 0.03761574074074074
0 0.32283564814814814 0.43425925925925923 0.050266203703703737 0.03778935185185191
0 0.6037094907407408 0.47855902777777776 0.04714120370370374 0.037673611111111074
0 0.19299768518518517 0.6297453703703704 0.05028935185185186 0.0409143518518519
0 0.7202372685185185 0.38515625 0.04557870370370374 0.03761574074074066
0 0.1969675925925926 0.5326967592592593 0.05340277777777778 0.03946759259259256
0 0.7790972222222223 0.5244212962962963 0.04714120370370374 0.037673611111111074
0 0.4411747685185185 0.4798900462962963 0.050277777777777824 0.0393518518518519
0 0.6062384259259259 0.29247685185185185 0.04557870370370374 0.03761574074074074
0 0.20413773148148148 0.3401909722222222 0.048703703703703735 0.03773148148148149
0 0.7773784722222222 0.714380787037037 0.04557870370370374 0.03761574074074083
0 0.3737905092592593 0.7723090277777778 0.04871527777777782 0.039293981481481485
0 0.2655208333333333 0.2925925925925926 0.04557870370370374 0.03761574074074074
0 0.2574826388888889 0.57890625 0.04871527777777782 0.039293981481481485
0 0.6012210648148149 0.6701099537037037 0.04715277777777782 0.03923611111111107
0 0.6602430555555555 0.6202546296296296 0.050277777777777824 0.0393518518518519
0 0.6613252314814815 0.7663483796296295 0.050289351851851904 0.0409143518518519
0 0.7184953703703704 0.5719907407407406 0.04556712962962965 0.03605324074074083
0 0.18747106481481482 0.7276331018518519 0.05185185185185186 0.040972222222222146
0 0.7776157407407407 0.4299189814814815 0.04555555555555557 0.034490740740740836
0 0.7757523148148148 0.8113425925925926 0.050289351851851724 0.0409143518518519
0 0.3136921296296296 0.6768518518518518 0.04871527777777782 0.039293981481481485
0 0.4319791666666667 0.820949074074074 0.05186342592592581 0.04253472222222214
0 0.2432696759259259 0.8756076388888889 0.051863425925925986 0.04253472222222214
0 0.7144039351851852 0.8636284722222222 0.050289351851851904 0.0409143518518519