0 0.29604166666666665 0.23369791666666667 0.05656249999999998 0.04340277777777777
0 0.3553645833333333 0.2865277777777778 0.05656249999999998 0.04340277777777786
0 0.6471527777777778 0.2664756944444444 0.05017361111111107 0.040138888888888856
0 0.7061631944444444 0.4176388888888889 0.053298611111111074 0.04020833333333336
0 0.7057986111111111 0.32163194444444443 0.050104166666666575 0.038576388888888855
0 0.28704861111111113 0.5230555555555556 0.056493055555555574 0.04184027777777786
0 0.4144097222222222 0.4384722222222222 0.05180555555555557 0.041736111111111106
0 0.7057118055555556 0.5128472222222222 0.053298611111111074 0.04020833333333336
0 0.766267361111111 0.47048611111111105 0.053298611111111074 0.04020833333333336
0 0.28465277777777775 0.5745138888888889 0.05493055555555557 0.04180555555555543
0 0.4765277777777778 0.3961458333333333 0.05336805555555557 0.041770833333333354
0 0.35072916666666665 0.4807638888888889 0.05486111111111107 0.04024305555555543
0 0.8254513888888889 0.3797048611111111 0.053298611111111074 0.04020833333333336
0 0.7039236111111111 0.5604166666666667 0.053298611111111074 0.04020833333333336
0 0.28053819444444444 0.6751041666666667 0.05656249999999998 0.04340277777777786
0 0.21539930555555556 0.7197048611111111 0.05656249999999998 0.04340277777777786
0 0.7640451388888889 0.6663368055555555 0.05500000000000007 0.04336805555555543
0 0.7046527777777778 0.6119444444444444 0.053298611111111074 0.04020833333333336
0 0.8265972222222222 0.7215798611111112 0.05336805555555557 0.041770833333333354
0 0.28293402777777776 0.6236458333333333 0.05656249999999998 0.04340277777777786
0 0.2779861111111111 0.7757291666666667 0.05500000000000007 0.04336805555555543
0 0.7017881944444444 0.8109027777777778 0.05343750000000007 0.043333333333333356
0 0.7638020833333333 0.7662326388888889 0.05493055555555557 0.04180555555555543
0 0.27625 0.8771527777777777 0.058194444444444396 0.04500000000000028
0 0.4651388888888889 0.842326388888889 0.05656250000000007 0.04340277777777786
0 0.7017361111111111 0.8624131944444444 0.05500000000000007 0.04336805555555543
0 0.7024305555555556 0.9131597222222222 0.05663194444444457 0.044965277777777854
0 0.26913194444444444 0.9277256944444445 0.05656249999999998 0.04340277777777786
0 0.6968402777777778 0.9629861111111111 0.055069444444444574 0.04493055555555543
0 0.4155729166666666 0.34171874999999996 0.05336805555555557 0.041770833333333354