0 0.26232638888888893 0.2418981481481482 0.053298611111111074 0.04059027777777775
0 0.38055555555555554 0.28520833333333334 0.05336805555555557 0.04215277777777775
0 0.3792534722222222 0.3320601851851852 0.05336805555555557 0.04215277777777775
0 0.1940625 0.3383275462962963 0.05486111111111112 0.04063657407407408
0 0.25440972222222225 0.38491319444444444 0.05336805555555557 0.04215277777777775
0 0.37569444444444444 0.42969328703703696 0.05798611111111107 0.04072916666666657
0 0.31104166666666666 0.47998263888888887 0.053298611111111074 0.040590277777777926
0 0.36982638888888886 0.5266145833333333 0.05506944444444439 0.045324074074073906
0 0.42850694444444437 0.5755902777777778 0.05500000000000007 0.043761574074074085
0 0.42625 0.6263715277777777 0.056631944444444395 0.04537037037037024
0 0.3598611111111111 0.680613425925926 0.053437499999999985 0.04371527777777775
0 0.29506944444444444 0.7340277777777777 0.05500000000000007 0.043761574074074085
0 0.3561284722222222 0.7821527777777778 0.05656249999999998 0.04380787037037024
0 0.41937499999999994 0.7810590277777778 0.05663194444444457 0.045370370370370415
0 0.16072916666666667 0.8425578703703703 0.05499999999999998 0.043761574074073904
0 0.22171874999999996 0.8922453703703702 0.058194444444444396 0.04541666666666657
0 0.14901041666666667 0.9482349537037038 0.05656249999999998 0.04380787037037024
0 0.27802083333333333 0.9420717592592591 0.05499999999999998 0.043761574074073904
0 0.6741493055555556 0.22735532407407408 0.05180555555555557 0.04210648148148151
0 0.7322569444444444 0.27166666666666667 0.05173611111111107 0.04054398148148142
0 0.7332291666666666 0.3200115740740741 0.056493055555555574 0.04224537037037042
0 0.6076041666666667 0.37288773148148147 0.053298611111111074 0.04059027777777775
0 0.7920486111111111 0.36586226851851855 0.053298611111111074 0.04059027777777775
0 0.6679166666666667 0.4202546296296297 0.053298611111111074 0.04059027777777775
0 0.6665798611111111 0.4678877314814815 0.05486111111111107 0.04063657407407408
0 0.6027083333333334 0.5181539351851852 0.05336805555555557 0.04215277777777793
0 0.8505208333333334 0.5599652777777778 0.05336805555555557 0.04215277777777775
0 0.7881076388888889 0.6125289351851853 0.05656250000000007 0.043807870370370414
0 0.7233159722222222 0.665943287037037 0.05493055555555557 0.04219907407407408
0 0.7850868055555555 0.7156076388888889 0.05500000000000007 0.043761574074074085
0 0.8476736111111112 0.7644675925925926 0.05663194444444457 0.04537037037037024
0 0.7203472222222222 0.8205150462962962 0.05656250000000007 0.04380787037037024
0 0.7187673611111111 0.873616898148148 0.05656250000000007 0.04380787037037024
0 0.7751041666666666 0.922662037037037 0.05500000000000007 0.043761574074073904