0 0.39296875 0.24765625 0.05 0.0359375
0 0.7390625 0.24765625 0.0484375 0.03515625
0 0.33359375 0.29375 0.04765625 0.0375
0 0.45546875 0.3421875 0.0484375 0.0375
0 0.2734375 0.53515625 0.04921875 0.0359375
0 0.80234375 0.3875 0.0484375 0.03671875
0 0.2109375 0.4390625 0.05078125 0.0375
0 0.33515625 0.38984375 0.0484375 0.0359375
0 0.62890625 0.58125 0.0484375 0.03671875
0 0.68046875 0.29375 0.046875 0.03671875
0 0.740625 0.340625 0.0484375 0.03671875
0 0.7484375 0.53046875 0.0484375 0.0359375
0 0.625 0.484375 0.0484375 0.0359375
0 0.3359375 0.4859375 0.04921875 0.03515625
0 0.33671875 0.584375 0.04921875 0.03828125
0 0.74375 0.4359375 0.0484375 0.0375
0 0.3984375 0.634375 0.05078125 0.0390625
0 0.4609375 0.73515625 0.05 0.03828125
0 0.75234375 0.63046875 0.05 0.0375
0 0.81484375 0.6796875 0.04921875 0.03828125
0 0.3359375 0.6859375 0.05 0.03828125
0 0.81796875 0.78046875 0.04921875 0.0390625
0 0.75546875 0.73125 0.04921875 0.03828125
0 0.27265625 0.840625 0.0515625 0.040625
0 0.69921875 0.88515625 0.05078125 0.040625
0 0.7578125 0.8328125 0.05 0.040625
0 0.3359375 0.890625 0.0515625 0.040625
0 0.2671875 0.9453125 0.053125 0.040625
0 0.69609375 0.93671875 0.05 0.03984375
0 0.3359375 0.78828125 0.0515625 0.03984375