0 0.46423611111111107 0.18116319444444445 0.05493055555555557 0.04456018518518516
0 0.7996527777777778 0.1798321759259259 0.05003472222222225 0.03952546296296298
0 0.85671875 0.3174768518518518 0.050104166666666575 0.04108796296296298
0 0.4020486111111111 0.36918402777777776 0.05173611111111107 0.04276620370370372
0 0.3448090277777778 0.22763310185185187 0.05166666666666666 0.04120370370370372
0 0.6253993055555556 0.22722800925925926 0.04854166666666657 0.04097222222222223
0 0.34142361111111114 0.41600115740740734 0.05322916666666666 0.041319444444444464
0 0.6224305555555556 0.46024305555555556 0.05010416666666675 0.04108796296296298
0 0.21140625000000002 0.612181712962963 0.05336805555555557 0.04444444444444447
0 0.7389583333333334 0.3661747685185185 0.04847222222222225 0.039409722222222235
0 0.21569444444444447 0.5146701388888889 0.05642361111111107 0.04311342592592595
0 0.79765625 0.5052662037037037 0.050104166666666575 0.04108796296296298
0 0.4594444444444445 0.4613425925925926 0.053298611111111074 0.042881944444444466
0 0.6243229166666667 0.2735532407407407 0.04854166666666657 0.04097222222222223
0 0.22203124999999999 0.3221643518518519 0.05166666666666666 0.04120370370370372
0 0.79671875 0.6958043981481481 0.04847222222222225 0.039409722222222145
0 0.39253472222222224 0.7547453703703704 0.05173611111111107 0.042766203703703806
0 0.28336805555555555 0.27372685185185186 0.048541666666666664 0.04097222222222223
0 0.27572916666666664 0.5603877314814815 0.05173611111111107 0.042766203703703806
0 0.6199652777777778 0.6516782407407408 0.05017361111111107 0.04265046296296297
0 0.6788888888888889 0.6018518518518519 0.053298611111111074 0.042881944444444466
0 0.6798784722222222 0.7475694444444445 0.05336805555555557 0.04444444444444447
0 0.7370659722222223 0.5528645833333334 0.04847222222222225 0.039409722222222145
0 0.20559027777777777 0.7105902777777777 0.05493055555555557 0.04456018518518512
0 0.796579861111111 0.4105034722222222 0.04840277777777775 0.03784722222222214
0 0.7955555555555556 0.7930844907407407 0.05336805555555557 0.04444444444444447
0 0.3326215277777778 0.6588541666666666 0.05173611111111107 0.042766203703703806
0 0.45114583333333336 0.8037037037037038 0.05500000000000007 0.046122685185185475
0 0.2623263888888889 0.858449074074074 0.05499999999999998 0.04612268518518512
0 0.7343923611111112 0.8454282407407409 0.05336805555555557 0.04444444444444429