0 0.22479745370370371 0.2830729166666667 0.056192129629629585 0.04427083333333339
0 0.29120370370370374 0.32958333333333334 0.05306712962962958 0.044062499999999984
0 0.68984375 0.2774479166666667 0.04988425925925917 0.04229166666666666
0 0.2961226851851852 0.37822916666666667 0.054629629629629584 0.044166666666666646
0 0.30092592592592593 0.42374999999999996 0.054629629629629584 0.044166666666666646
0 0.6427083333333334 0.3725 0.05306712962962976 0.044062499999999984
0 0.3207465277777778 0.6222395833333334 0.0546875 0.04572916666666664
0 0.3666666666666667 0.4733333333333333 0.05306712962962958 0.044062500000000074
0 0.7555266203703704 0.32546875000000003 0.0515625 0.04552083333333332
0 0.43952546296296297 0.5678124999999999 0.054629629629629584 0.044166666666666646
0 0.829050925925926 0.41687499999999994 0.05306712962962976 0.044062500000000074
0 0.3100115740740741 0.5217708333333333 0.05625 0.04583333333333339
0 0.5118344907407407 0.6684895833333334 0.05630787037037042 0.047395833333333214
0 0.798900462962963 0.6128125000000001 0.053125 0.04562500000000007
0 0.7155671296296297 0.46697916666666667 0.05625 0.04583333333333321
0 0.9358217592592591 0.7115625 0.054745370370370236 0.04729166666666664
0 0.663599537037037 0.5157291666666667 0.05306712962962958 0.044062500000000074
0 0.3509259259259259 0.9320833333333333 0.057928240740740745 0.04906250000000014
0 0.33075810185185184 0.72421875 0.05787037037037042 0.047499999999999966
0 0.3415798611111111 0.8270312499999999 0.06105324074074074 0.049270833333333285
0 0.7446759259259259 0.66375 0.05630787037037024 0.047395833333333214
0 0.7594039351851852 0.7668229166666667 0.0546875 0.04572916666666664
0 0.47199074074074077 0.87625 0.057928240740740655 0.04906250000000014
0 0.8913773148148149 0.8161458333333332 0.05787037037037024 0.04750000000000014
0 0.7307870370370371 0.5622916666666666 0.05625 0.04583333333333321
0 0.7733506944444445 0.86984375 0.057928240740740836 0.04906250000000014
0 0.7815104166666667 0.9218229166666667 0.05630787037037042 0.04739583333333357
0 0.39730902777777777 0.7746354166666667 0.059375 0.04604166666666672
0 0.35292245370370373 0.98109375 0.059432870370370414 0.03781250000000007
0 0.7835069444444445 0.9757291666666668 0.05787037037037024 0.04750000000000014