0 0.20829282407407407 0.21631944444444445 0.057500000000000016 0.04343749999999993
0 0.7425694444444444 0.23411458333333335 0.05115740740740726 0.040173611111111104
0 0.2661168981481482 0.26734375 0.05271990740740744 0.04020833333333336
0 0.3863483796296296 0.3201041666666667 0.05271990740740744 0.04020833333333336
0 0.17848379629629632 0.5636284722222222 0.054328703703703685 0.04180555555555561
0 0.8004166666666667 0.2843576388888889 0.05115740740740762 0.040173611111111104
0 0.7952488425925927 0.3797222222222222 0.05115740740740726 0.040173611111111104
0 0.380306712962963 0.4186111111111111 0.05276620370370368 0.041770833333333354
0 0.7930324074074074 0.4281770833333334 0.05115740740740744 0.040173611111111104
0 0.8516840277777777 0.47762152777777783 0.0512037037037036 0.041736111111111286
0 0.31114583333333334 0.5130555555555556 0.05584490740740744 0.04027777777777786
0 0.6668865740740741 0.5223263888888889 0.05271990740740744 0.04020833333333336
0 0.38413194444444443 0.3685590277777778 0.05271990740740744 0.04020833333333336
0 0.3757233796296296 0.4678993055555555 0.05271990740740744 0.04020833333333336
0 0.7381828703703703 0.32946180555555554 0.0512037037037036 0.041736111111111106
0 0.7870717592592593 0.5766493055555555 0.05276620370370359 0.041770833333333354
0 0.7848321759259259 0.6258854166666666 0.05276620370370377 0.041770833333333354
0 0.41973958333333333 0.7214409722222223 0.05276620370370377 0.041770833333333354
0 0.3635127314814815 0.6165104166666667 0.055891203703703686 0.04184027777777786
0 0.7825462962962964 0.6766840277777778 0.05276620370370377 0.041770833333333354
0 0.2894907407407407 0.7696180555555555 0.05437499999999993 0.04336805555555543
0 0.7749305555555556 0.8283159722222223 0.054375000000000104 0.04336805555555543
0 0.7178530092592592 0.7257465277777777 0.05276620370370377 0.041770833333333354
0 0.36039930555555555 0.6688888888888889 0.05437499999999993 0.04336805555555543
0 0.7780208333333334 0.77671875 0.054328703703703775 0.04180555555555543
0 0.3449594907407407 0.8737847222222221 0.05442129629629626 0.04493055555555543
0 0.765625 0.9315798611111111 0.05437499999999993 0.04336805555555543
0 0.7101909722222223 0.8789409722222221 0.05442129629629626 0.04493055555555543
0 0.3371585648148148 0.9262673611111112 0.05442129629629626 0.04493055555555543
0 0.34965856481481483 0.8205902777777778 0.055937500000000015 0.04340277777777786
0 0.054282407407407404 0.5921527777777778 0.007002314814814814 0.07822916666666657