0 0.4019155092592593 0.2616898148148148 0.05506944444444439 0.04143518518518512
0 0.7620717592592593 0.28836805555555556 0.05186342592592581 0.03964120370370372
0 0.21779513888888888 0.3429976851851852 0.05506944444444448 0.04143518518518512
0 0.4676273148148148 0.31325231481481486 0.05194444444444439 0.04120370370370372
0 0.6461689814814815 0.42453703703703705 0.05194444444444457 0.04120370370370381
0 0.8262615740740742 0.34059606481481486 0.05194444444444457 0.04120370370370372
0 0.4151273148148148 0.4564525462962964 0.05194444444444457 0.04120370370370381
0 0.2852314814814815 0.397800925925926 0.05350694444444439 0.041319444444444464
0 0.29510995370370374 0.5432870370370371 0.05194444444444439 0.04120370370370381
0 0.2270138888888889 0.49076967592592596 0.05506944444444439 0.04143518518518512
0 0.8295138888888889 0.38831018518518523 0.05194444444444457 0.04120370370370363
0 0.7168634259259259 0.572193287037037 0.05194444444444439 0.04120370370370381
0 0.8377893518518519 0.5328993055555555 0.05194444444444457 0.04120370370370381
0 0.42344328703703704 0.6018229166666667 0.05194444444444439 0.04120370370370381
0 0.6502430555555556 0.47309027777777785 0.05186342592592581 0.03964120370370381
0 0.3650173611111111 0.6457465277777779 0.05506944444444448 0.04143518518518512
0 0.6625520833333333 0.6654513888888889 0.05194444444444457 0.04120370370370381
0 0.7826967592592593 0.626099537037037 0.051863425925925986 0.03964120370370381
0 0.49512152777777774 0.753443287037037 0.05194444444444457 0.04120370370370381
0 0.23874421296296297 0.6869791666666666 0.05506944444444439 0.04143518518518512
0 0.7926157407407407 0.7723668981481481 0.05194444444444457 0.04120370370370381
0 0.2446296296296296 0.7854745370370371 0.05515046296296298 0.04299768518518512
0 0.6709895833333334 0.8131655092592591 0.05194444444444439 0.04120370370370381
0 0.8510011574074074 0.727662037037037 0.05194444444444457 0.04120370370370381
0 0.6775752314814815 0.91015625 0.05194444444444439 0.04120370370370381
0 0.7975983796296295 0.868460648148148 0.05194444444444457 0.04120370370370381
0 0.4376851851851852 0.8464699074074075 0.05194444444444457 0.04120370370370381
0 0.3784780092592593 0.8903356481481481 0.05350694444444439 0.041319444444444284
0 0.7378587962962964 0.9620949074074074 0.052025462962962975 0.042766203703703806
0 0.3138425925925926 0.9345775462962962 0.05350694444444439 0.041319444444444284