0 0.19921875 0.678125 0.0546875 0.04375
0 0.19765625 0.73046875 0.05234375 0.03984375
0 0.63046875 0.7265625 0.04921875 0.03828125
0 0.32734375 0.83359375 0.0515625 0.040625
0 0.69375 0.77734375 0.05 0.03984375
0 0.86484375 0.425 0.0484375 0.0359375
0 0.45390625 0.47421875 0.04921875 0.0375
0 0.328125 0.328125 0.04921875 0.03671875
0 0.74921875 0.57421875 0.04921875 0.03671875
0 0.32890625 0.5765625 0.05078125 0.0375
0 0.265625 0.6265625 0.05234375 0.03828125
0 0.26328125 0.78203125 0.05234375 0.03984375
0 0.453125 0.42734375 0.04921875 0.03671875
0 0.8125 0.6234375 0.04921875 0.03828125
0 0.6234375 0.4734375 0.0484375 0.03671875
0 0.8234375 0.88125 0.05 0.040625
0 0.390625 0.88671875 0.05234375 0.0421875
0 0.80234375 0.3765625 0.04765625 0.0359375
0 0.39140625 0.5234375 0.04921875 0.03671875
0 0.390625 0.37734375 0.04921875 0.0359375
0 0.87734375 0.6734375 0.0484375 0.03828125
0 0.7578125 0.82890625 0.05078125 0.03984375
0 0.6859375 0.52265625 0.05 0.0375
0 0.740625 0.3296875 0.046875 0.0359375
0 0.67890625 0.28203125 0.0484375 0.0359375
0 0.2671875 0.28046875 0.0484375 0.0359375
0 0.45078125 0.940625 0.0515625 0.04140625
0 0.884375 0.93125 0.05 0.0390625
0 0.6171875 0.234375 0.04921875 0.0359375
0 0.20546875 0.2328125 0.04921875 0.03671875