0 0.3694791666666667 0.23515625 0.05583333333333336 0.040625
0 0.36713541666666666 0.28203125 0.05427083333333336 0.040625
0 0.36473958333333334 0.3296875 0.051041666666666693 0.0390625
0 0.7740625 0.31875 0.051041666666666784 0.0390625
0 0.35291666666666666 0.62421875 0.05281249999999993 0.0421875
0 0.7734375 0.609375 0.052604166666666605 0.0390625
0 0.7739583333333334 0.4140625 0.051041666666666784 0.0390625
0 0.36140625000000004 0.4265625 0.05104166666666661 0.0390625
0 0.3484375 0.7265625 0.05437500000000002 0.0421875
0 0.34578125000000004 0.778125 0.05437499999999993 0.0421875
0 0.3432291666666667 0.828125 0.05427083333333336 0.040625
0 0.34208333333333335 0.88046875 0.05437500000000002 0.0421875
0 0.7704166666666667 0.865625 0.05281249999999993 0.0421875
0 0.33375 0.93515625 0.05437500000000002 0.0421875
0 0.7645833333333334 0.91796875 0.05270833333333336 0.040625
0 0.3645833333333333 0.37890625 0.052604166666666605 0.0390625
0 0.35984375 0.4734375 0.057499999999999926 0.0421875
0 0.3580729166666667 0.5234375 0.057395833333333354 0.040625
0 0.35791666666666666 0.57265625 0.05604166666666668 0.04375
0 0.35265625 0.675 0.05593749999999993 0.0421875
0 0.7764583333333333 0.22421875 0.058958333333333356 0.040625
0 0.7741145833333333 0.27109375 0.05427083333333336 0.040625
0 0.775625 0.365625 0.052604166666666785 0.0390625
0 0.7739583333333334 0.4609375 0.05427083333333336 0.040625
0 0.7738541666666666 0.509375 0.057499999999999926 0.0421875
0 0.7735937500000001 0.56015625 0.057395833333333354 0.040625
0 0.77234375 0.6609375 0.05291666666666668 0.04375
0 0.77296875 0.71015625 0.06083333333333325 0.0453125
0 0.7727083333333333 0.7609375 0.05760416666666668 0.04375
0 0.7716145833333333 0.8125 0.05760416666666668 0.04375