0 0.3793229166666666 0.21401041666666668 0.055312499999999966 0.0458333333333333
0 0.3831423611111111 0.2606770833333333 0.053749999999999964 0.04572916666666664
0 0.3861921296296297 0.3081770833333334 0.0506018518518518 0.04395833333333332
0 0.7936342592592592 0.2559895833333333 0.0506018518518518 0.04395833333333332
0 0.4085127314814815 0.6007291666666668 0.05221064814814813 0.04718750000000007
0 0.8268344907407407 0.54390625 0.05216435185185162 0.044062500000000074
0 0.8044212962962962 0.35067708333333336 0.050601851851851974 0.04395833333333332
0 0.39309606481481485 0.4046875 0.0506018518518518 0.04395833333333332
0 0.41549768518518515 0.7027083333333334 0.05377314814814813 0.04729166666666664
0 0.41938657407407404 0.7540625000000001 0.05377314814814813 0.04729166666666664
0 0.4216898148148148 0.8039583333333333 0.053749999999999964 0.04572916666666664
0 0.4271527777777778 0.8559895833333334 0.05377314814814813 0.04729166666666664
0 0.8532754629629629 0.7978645833333333 0.05221064814814795 0.04718750000000007
0 0.425619212962963 0.9108333333333334 0.05377314814814813 0.047291666666666995
0 0.853269675925926 0.8502604166666667 0.052187500000000143 0.045624999999999714
0 0.3916087962962963 0.3570833333333333 0.052164351851851795 0.044062499999999984
0 0.3976967592592593 0.4513020833333334 0.05689814814814813 0.04750000000000014
0 0.4015625 0.50109375 0.05687499999999997 0.045937499999999964
0 0.40696759259259263 0.54921875 0.055358796296296295 0.048958333333333395
0 0.4139525462962963 0.6511979166666666 0.055335648148148134 0.047395833333333214
0 0.7844212962962962 0.16197916666666667 0.05843749999999996 0.04604166666666667
0 0.7882407407407407 0.20864583333333334 0.053749999999999964 0.04572916666666664
0 0.8005787037037038 0.30244791666666665 0.05216435185185162 0.044062499999999984
0 0.8098032407407407 0.39723958333333337 0.053750000000000145 0.04572916666666664
0 0.8152083333333333 0.4453645833333333 0.056898148148147955 0.04750000000000014
0 0.820636574074074 0.4950520833333333 0.05687500000000014 0.045937499999999964
0 0.8315046296296295 0.5952083333333332 0.05223379629629647 0.04875000000000007
0 0.8376909722222223 0.64328125 0.06006944444444429 0.050833333333333286
0 0.8431307870370371 0.69375 0.05692129629629648 0.04906249999999997
0 0.848582175925926 0.745 0.05692129629629648 0.04906249999999997