0 0.21046874999999998 0.22296875 0.054166666666666606 0.04020833333333336
0 0.17229166666666668 0.4552777777777777 0.05739583333333331 0.04184027777777786
0 0.5772916666666668 0.4947916666666667 0.052604166666666785 0.040173611111111104
0 0.5654166666666667 0.5907638888888889 0.054166666666666606 0.04020833333333336
0 0.3399479166666667 0.5693229166666667 0.054166666666666606 0.04020833333333336
0 0.54125 0.7889583333333332 0.05437499999999993 0.043333333333333356
0 0.42723958333333334 0.3866145833333333 0.05427083333333336 0.041770833333333354
0 0.5282291666666667 0.8903819444444444 0.05437499999999993 0.043333333333333356
0 0.18171874999999998 0.40776041666666674 0.05572916666666665 0.04024305555555543
0 0.7759895833333333 0.8591145833333332 0.05593749999999993 0.04336805555555543
0 0.18567708333333333 0.7591493055555556 0.05760416666666664 0.044965277777777854
0 0.5178645833333333 0.9402256944444446 0.05604166666666668 0.04493055555555543
0 0.09067708333333332 0.9049131944444444 0.060833333333333336 0.046597222222222
0 0.7583854166666667 0.4659548611111111 0.04937500000000004 0.038541666666666606
0 0.5599479166666667 0.6375868055555556 0.05427083333333336 0.041770833333333354
0 0.6634895833333333 0.26980902777777777 0.04937500000000004 0.038541666666666696
0 0.19578125 0.31418402777777776 0.05260416666666665 0.040173611111111104
0 0.7483333333333333 0.5580555555555555 0.05093750000000004 0.038576388888888855
0 0.6534895833333334 0.3611284722222222 0.051041666666666784 0.040138888888888856
0 0.58890625 0.4027256944444445 0.05093749999999986 0.038576388888888855
0 0.6013541666666666 0.3098958333333333 0.05104166666666661 0.040138888888888856
0 0.26338541666666665 0.27421875 0.052604166666666605 0.040173611111111104
0 0.14848958333333334 0.6010590277777779 0.057395833333333354 0.04184027777777786
0 0.16515625 0.5036284722222222 0.05572916666666665 0.04024305555555543
0 0.6683333333333333 0.74875 0.05437499999999993 0.043333333333333356
0 0.5534895833333333 0.6875173611111112 0.05593749999999993 0.043368055555555604
0 0.113125 0.8029166666666667 0.05760416666666668 0.044965277777777854
0 0.26338541666666665 0.6615104166666667 0.05427083333333336 0.041770833333333354
0 0.1308333333333333 0.7015972222222222 0.055937500000000015 0.04336805555555543
0 0.23265625 0.8642534722222223 0.055937500000000015 0.04336805555555543