0 0.24083333333333332 0.2241087962962963 0.05572916666666661 0.039456018518518474
0 0.2440104166666667 0.2717650462962963 0.052604166666666605 0.039432870370370396
0 0.78359375 0.24041087962962965 0.052604166666666785 0.039432870370370396
0 0.31604166666666667 0.5197916666666667 0.054166666666666606 0.039444444444444574
0 0.37104166666666666 0.3247569444444444 0.054166666666666696 0.03944444444444439
0 0.7241145833333333 0.2861863425925926 0.05104166666666661 0.039421296296296225
0 0.4997916666666667 0.42697916666666663 0.052604166666666785 0.03943287037037031
0 0.30932291666666667 0.37211226851851853 0.054166666666666696 0.03944444444444439
0 0.72734375 0.3346238425925926 0.052604166666666605 0.03943287037037031
0 0.7900520833333333 0.3841840277777778 0.05249999999999986 0.03787037037037031
0 0.9277083333333334 0.5848263888888889 0.052604166666666785 0.03943287037037031
0 0.37906249999999997 0.5740393518518518 0.054166666666666696 0.039444444444444574
0 0.7372395833333334 0.5299594907407407 0.052604166666666785 0.03943287037037031
0 0.2580208333333333 0.8805555555555555 0.05593749999999993 0.042581018518518476
0 0.37625000000000003 0.4732291666666667 0.054166666666666606 0.03944444444444439
0 0.7322916666666666 0.43229166666666663 0.05270833333333336 0.04099537037037031
0 0.8058333333333334 0.6326273148148148 0.051041666666666784 0.039421296296296406
0 0.5086458333333332 0.6770370370370371 0.05427083333333336 0.04100694444444457
0 0.7973437499999999 0.48183449074074075 0.054166666666666786 0.039444444444444574
0 0.7473958333333334 0.6823032407407407 0.052604166666666785 0.03943287037037031
0 0.5143229166666666 0.8325405092592593 0.05437499999999993 0.04256944444444457
0 0.32078125 0.7784780092592593 0.05593749999999993 0.042581018518518476
0 0.38083333333333336 0.6240509259259259 0.05572916666666661 0.039456018518518474
0 0.87796875 0.7884201388888888 0.05427083333333336 0.04100694444444457
0 0.68671875 0.7335590277777777 0.05583333333333336 0.041018518518518475
0 0.7553645833333333 0.8370081018518519 0.05427083333333336 0.04100694444444457
0 0.32453125 0.8816261574074075 0.05593749999999993 0.042581018518518476
0 0.7588541666666666 0.889351851851852 0.05593749999999993 0.042581018518518476
0 0.44723958333333336 0.7290798611111111 0.057499999999999926 0.04259259259259274
0 0.38515625 0.9351099537037036 0.05593749999999993 0.042581018518518476
0 0.7553124999999999 0.9417476851851851 0.05583333333333336 0.041018518518518475