0 0.2140625 0.23984375 0.05546875 0.0390625
0 0.62734375 0.24765625 0.04765625 0.03515625
0 0.2765625 0.2875 0.05 0.03671875
0 0.20625 0.48046875 0.05390625 0.03828125
0 0.26875 0.5296875 0.053125 0.03828125
0 0.6875 0.2953125 0.04765625 0.03671875
0 0.3359375 0.33671875 0.04921875 0.0375
0 0.865625 0.44140625 0.04765625 0.03671875
0 0.396875 0.38671875 0.0484375 0.0375
0 0.74609375 0.34296875 0.04765625 0.0375
0 0.45703125 0.43671875 0.05078125 0.0375
0 0.62578125 0.4859375 0.05 0.03671875
0 0.68828125 0.534375 0.05 0.0375
0 0.33046875 0.5828125 0.0515625 0.0375
0 0.19765625 0.73515625 0.05234375 0.040625
0 0.80546875 0.39140625 0.04765625 0.0390625
0 0.8703125 0.6859375 0.04921875 0.03828125
0 0.7484375 0.5859375 0.05 0.0375
0 0.62578125 0.7359375 0.05 0.03828125
0 0.2609375 0.7875 0.05234375 0.03984375
0 0.3921875 0.63359375 0.05 0.0390625
0 0.453125 0.684375 0.05 0.03984375
0 0.81015625 0.6359375 0.04921875 0.0375
0 0.68828125 0.7875 0.05078125 0.0390625
0 0.81171875 0.890625 0.0515625 0.040625
0 0.75 0.83828125 0.05078125 0.03984375
0 0.3234375 0.83828125 0.05234375 0.040625
0 0.384375 0.890625 0.053125 0.04140625
0 0.44375 0.94375 0.05234375 0.04140625
0 0.8703125 0.9421875 0.05078125 0.03984375