0 0.40380787037037036 0.2588888888888889 0.05428240740740744 0.041423611111111126
0 0.7484027777777778 0.29845486111111114 0.05115740740740726 0.041284722222222216
0 0.3400578703703704 0.2982986111111111 0.05120370370370368 0.04284722222222222
0 0.45633680555555556 0.36057291666666663 0.05276620370370359 0.042916666666666714
0 0.2564814814814815 0.5316145833333333 0.05271990740740744 0.04135416666666671
0 0.7972685185185185 0.44456597222222227 0.05276620370370377 0.042916666666666714
0 0.2032175925925926 0.42833333333333334 0.054328703703703775 0.04298611111111121
0 0.3317418981481482 0.3941493055555555 0.05271990740740744 0.04135416666666671
0 0.6051793981481481 0.6175173611111111 0.05276620370370359 0.042916666666666714
0 0.6854340277777778 0.3378993055555556 0.0512037037037036 0.04284722222222222
0 0.7401793981481481 0.39118055555555553 0.05276620370370377 0.042916666666666714
0 0.7298668981481482 0.5808159722222223 0.052719907407407264 0.04135416666666671
0 0.6111747685185185 0.52078125 0.05271990740740744 0.04135416666666671
0 0.3234490740740741 0.48921875000000004 0.05271990740740744 0.04135416666666671
0 0.3142824074074074 0.5873784722222222 0.05281250000000002 0.044479166666666715
0 0.7342303240740741 0.48635416666666664 0.05276620370370359 0.042916666666666714
0 0.37047453703703703 0.6446354166666667 0.05437500000000002 0.04454861111111104
0 0.42284143518518513 0.7517881944444444 0.05437499999999993 0.04454861111111104
0 0.7237789351851852 0.6806770833333333 0.054328703703703775 0.04298611111111121
0 0.780775462962963 0.7371875 0.05281249999999993 0.044479166666666715
0 0.30346064814814816 0.6885937500000001 0.05437500000000002 0.04454861111111121
0 0.7738831018518519 0.8377951388888889 0.05281249999999993 0.044479166666666715
0 0.716886574074074 0.7812847222222222 0.05281249999999993 0.044479166666666715
0 0.22479745370370371 0.835295138888889 0.05598379629629626 0.04618055555555571
0 0.6452546296296295 0.9282986111111111 0.05442129629629626 0.04611111111111086
0 0.7084085648148148 0.8826041666666666 0.05442129629629626 0.046111111111111214
0 0.28335648148148146 0.891875 0.05598379629629626 0.04618055555555571
0 0.20921875 0.9386458333333334 0.05754629629629626 0.04624999999999986
0 0.63671875 0.9778559027777778 0.05442129629629626 0.04428819444444443
0 0.2934201388888889 0.78984375 0.05598379629629626 0.04618055555555571