0 0.2671875 0.24296875 0.05234375 0.03828125
0 0.328125 0.290625 0.0515625 0.0390625
0 0.61796875 0.24375 0.046875 0.03515625
0 0.68125 0.3890625 0.0484375 0.0359375
0 0.678125 0.29296875 0.046875 0.034375
0 0.265625 0.53359375 0.0515625 0.0375
0 0.390625 0.4375 0.04765625 0.03671875
0 0.6828125 0.48515625 0.04921875 0.0359375
0 0.7421875 0.43671875 0.0484375 0.0359375
0 0.26484375 0.58515625 0.05078125 0.0375
0 0.4515625 0.3890625 0.04921875 0.03671875
0 0.328125 0.48515625 0.05 0.0359375
0 0.79921875 0.340625 0.0484375 0.0359375
0 0.68203125 0.5328125 0.0484375 0.0359375
0 0.26328125 0.68671875 0.0515625 0.03828125
0 0.19921875 0.7375 0.0515625 0.03828125
0 0.7453125 0.63359375 0.05 0.03828125
0 0.684375 0.584375 0.04921875 0.0359375
0 0.80859375 0.6828125 0.0484375 0.0375
0 0.2640625 0.634375 0.0515625 0.03828125
0 0.26328125 0.7875 0.05 0.0390625
0 0.68671875 0.78359375 0.04921875 0.03828125
0 0.74765625 0.73359375 0.05078125 0.0375
0 0.2640625 0.8890625 0.05390625 0.03984375
0 0.4515625 0.83671875 0.05234375 0.0390625
0 0.68828125 0.83515625 0.05 0.0390625
0 0.68984375 0.8859375 0.05234375 0.040625
0 0.25859375 0.940625 0.05234375 0.0390625
0 0.6859375 0.93671875 0.05 0.040625
0 0.3890625 0.33984375 0.04921875 0.0375