0 0.36484375 0.2693229166666667 0.0557291666666667 0.042604166666666644
0 0.7143229166666666 0.29651041666666667 0.050833333333333286 0.03916666666666666
0 0.4290625 0.3226041666666667 0.05093749999999986 0.040729166666666664
0 0.316875 0.45979166666666665 0.05250000000000003 0.04083333333333332
0 0.37447916666666664 0.4138541666666667 0.05249999999999995 0.04083333333333332
0 0.4330208333333333 0.3703125 0.05093750000000004 0.040729166666666664
0 0.25958333333333333 0.60375 0.05250000000000003 0.04083333333333332
0 0.7318749999999999 0.5364583333333333 0.05249999999999986 0.04083333333333332
0 0.5037499999999999 0.52125 0.05093749999999986 0.04072916666666657
0 0.7245833333333334 0.43875000000000003 0.049270833333333285 0.0390625
0 0.7183333333333334 0.34500000000000003 0.050833333333333286 0.03916666666666675
0 0.6748958333333334 0.5801041666666666 0.05239583333333329 0.039270833333333324
0 0.25776041666666666 0.5530729166666667 0.05239583333333338 0.0392708333333335
0 0.32609374999999996 0.6564062500000001 0.05250000000000003 0.04083333333333332
0 0.7407812500000001 0.6350520833333333 0.05249999999999986 0.04083333333333332
0 0.9076562500000002 0.5015104166666667 0.055624999999999855 0.04104166666666664
0 0.8057291666666668 0.6876041666666667 0.05093749999999986 0.04072916666666675
0 0.32875 0.7079166666666666 0.05583333333333336 0.044166666666666646
0 0.2728645833333333 0.9079687499999999 0.057395833333333354 0.04427083333333357
0 0.7623958333333334 0.9359375 0.05270833333333336 0.0439583333333335
0 0.8691666666666666 0.7408333333333333 0.049374999999999857 0.040625
0 0.39385416666666667 0.7628125 0.05250000000000003 0.04083333333333332
0 0.39723958333333337 0.8135937500000001 0.052604166666666605 0.04239583333333315
0 0.9432812500000001 0.8958854166666665 0.05260416666666643 0.04239583333333315
0 0.3990104166666667 0.8634895833333335 0.05250000000000003 0.040833333333333145
0 0.33718750000000003 0.9628125000000001 0.052604166666666605 0.04239583333333315
0 0.7627083333333333 0.983046875 0.052604166666666785 0.03390625000000007
0 0.9343229166666667 0.7965104166666667 0.05270833333333336 0.0439583333333335
0 0.8751041666666666 0.8415625 0.055624999999999855 0.04104166666666664
0 0.7816145833333333 0.39588541666666666 0.055624999999999855 0.04104166666666664