0 0.22234375 0.22199652777777779 0.055312499999999966 0.044618055555555536
0 0.6203182870370371 0.23553819444444443 0.04901620370370363 0.0412152777777778
0 0.2177777777777778 0.26670138888888884 0.052164351851851795 0.042916666666666714
0 0.21239583333333334 0.3137847222222222 0.053726851851851797 0.04298611111111113
0 0.6172916666666667 0.28173611111111113 0.052164351851851795 0.042916666666666714
0 0.6142650462962964 0.3279340277777778 0.05214120370370381 0.04135416666666671
0 0.19701967592592592 0.4557812500000001 0.053726851851851845 0.04298611111111121
0 0.20702546296296295 0.36008680555555556 0.05370370370370372 0.041423611111111126
0 0.19083333333333333 0.5044618055555555 0.05372685185185189 0.04298611111111104
0 0.1846238425925926 0.5547048611111112 0.05531250000000001 0.044618055555555536
0 0.6074189814814815 0.4211458333333333 0.052164351851851976 0.042916666666666714
0 0.610457175925926 0.37416666666666665 0.052164351851851976 0.042916666666666624
0 0.603587962962963 0.4689409722222223 0.052164351851851795 0.042916666666666714
0 0.6013310185185186 0.5158854166666667 0.052164351851851795 0.042916666666666714
0 0.20162037037037037 0.4087326388888889 0.05370370370370372 0.041423611111111036
0 0.17919560185185185 0.6049131944444445 0.05687499999999997 0.04468750000000003
0 0.5944039351851852 0.6145659722222222 0.052164351851851795 0.042916666666666714
0 0.16833912037037038 0.7053298611111111 0.05687500000000001 0.04468750000000003
0 0.16211805555555556 0.7563541666666667 0.05689814814814813 0.046250000000000034
0 0.5966840277777777 0.5660590277777777 0.052164351851851976 0.042916666666666714
0 0.5866840277777777 0.7140625 0.053750000000000145 0.04454861111111104
0 0.1737673611111111 0.6551215277777778 0.05687499999999997 0.04468750000000003
0 0.15667824074074072 0.80734375 0.05689814814814813 0.04624999999999986
0 0.15044560185185185 0.8591493055555557 0.056921296296296296 0.047812499999999855
0 0.5905266203703704 0.6654861111111112 0.052164351851851795 0.042916666666666714
0 0.5828182870370371 0.7642013888888889 0.055312499999999966 0.044618055555555536
0 0.5750520833333332 0.8668229166666667 0.05533564814814831 0.04618055555555571
0 0.5781597222222222 0.81515625 0.05689814814814813 0.04624999999999986
0 0.14031828703703703 0.9103472222222223 0.05531250000000001 0.044618055555555716
0 0.5664641203703704 0.9195138888888887 0.053750000000000145 0.04454861111111086