0 0.6723668981481481 0.2635706018518519 0.05787037037037024 0.047083333333333324
0 0.6165219907407408 0.3132696759259259 0.05630787037037042 0.04699074074074074
0 0.622974537037037 0.3612037037037037 0.05630787037037042 0.04699074074074074
0 0.6910590277777777 0.4104513888888889 0.0578125 0.04552083333333332
0 0.7606481481481482 0.45822916666666663 0.05625 0.04542824074074083
0 0.704832175925926 0.5087094907407407 0.05630787037037024 0.04699074074074083
0 0.7744502314814815 0.5572685185185184 0.05630787037037024 0.04699074074074083
0 0.7195601851851852 0.6117013888888889 0.05787037037037042 0.047083333333333324
0 0.725289351851852 0.6611516203703703 0.05787037037037024 0.047083333333333324
0 0.7965567129629629 0.7121469907407407 0.05943287037037024 0.04717592592592581
0 0.7401331018518519 0.7672685185185186 0.056365740740740834 0.048553240740740834
0 0.8105613425925926 0.8166550925925925 0.05949074074074083 0.04873842592592581
0 0.8171875 0.8692766203703703 0.05949074074074083 0.04873842592592581
0 0.8254050925925925 0.9227719907407408 0.06273148148148167 0.05204861111111114
0 0.891261574074074 0.975005787037037 0.05949074074074083 0.04873842592592581