0 0.20078125 0.23671875 0.05390625 0.0390625
0 0.73671875 0.23828125 0.04765625 0.0359375
0 0.2625 0.2859375 0.04921875 0.03671875
0 0.3875 0.334375 0.04921875 0.03671875
0 0.19921875 0.58359375 0.0515625 0.0375
0 0.7984375 0.28671875 0.04765625 0.03671875
0 0.8015625 0.38203125 0.04765625 0.03671875
0 0.3890625 0.4328125 0.05 0.0375
0 0.803125 0.43046875 0.0484375 0.0359375
0 0.865625 0.47734375 0.0484375 0.0375
0 0.328125 0.5296875 0.05234375 0.03671875
0 0.684375 0.528125 0.04921875 0.0359375
0 0.3890625 0.3828125 0.05 0.03671875
0 0.3890625 0.48203125 0.04921875 0.0359375
0 0.73984375 0.33359375 0.04765625 0.0375
0 0.809375 0.578125 0.05 0.0375
0 0.8109375 0.62734375 0.05 0.03828125
0 0.45390625 0.73359375 0.05 0.03828125
0 0.3890625 0.63125 0.05234375 0.03828125
0 0.8125 0.678125 0.04921875 0.0375
0 0.32734375 0.7859375 0.05078125 0.0390625
0 0.81796875 0.8296875 0.0515625 0.03984375
0 0.75234375 0.72890625 0.04921875 0.0375
0 0.38984375 0.68359375 0.05078125 0.0390625
0 0.81640625 0.778125 0.05078125 0.03828125
0 0.39140625 0.88828125 0.0515625 0.04140625
0 0.8171875 0.93359375 0.0515625 0.0390625
0 0.75703125 0.88203125 0.0515625 0.04140625
0 0.3875 0.940625 0.0515625 0.040625
0 0.39140625 0.83515625 0.05234375 0.03984375
0 0.07734375 0.61640625 0.00078125 0.07890625