0 0.39453125 0.23125 0.0515625 0.0390625
0 0.39375 0.278125 0.05078125 0.0390625
0 0.39296875 0.32578125 0.04765625 0.0375
0 0.8015625 0.32890625 0.046875 0.03671875
0 0.390625 0.6203125 0.04921875 0.03984375
0 0.81015625 0.6203125 0.0484375 0.0375
0 0.8046875 0.425 0.04765625 0.03671875
0 0.3921875 0.42265625 0.04765625 0.0375
0 0.3890625 0.72265625 0.05 0.03984375
0 0.38828125 0.77421875 0.05 0.03984375
0 0.38671875 0.82421875 0.05 0.0390625
0 0.3875 0.8765625 0.05 0.03984375
0 0.81484375 0.8765625 0.04921875 0.03984375
0 0.38125 0.93125 0.05078125 0.03984375
0 0.8109375 0.92890625 0.0484375 0.03828125
0 0.39453125 0.375 0.0484375 0.0375
0 0.3921875 0.46953125 0.05390625 0.040625
0 0.3921875 0.51953125 0.05390625 0.0390625
0 0.39375 0.56875 0.0515625 0.0421875
0 0.39140625 0.67109375 0.0515625 0.040625
0 0.80078125 0.234375 0.0546875 0.0390625
0 0.8 0.28125 0.05078125 0.0390625
0 0.8046875 0.3765625 0.0484375 0.0375
0 0.80546875 0.471875 0.05 0.03828125
0 0.80703125 0.5203125 0.053125 0.040625
0 0.80859375 0.57109375 0.053125 0.0390625
0 0.8109375 0.671875 0.04921875 0.04140625
0 0.8125 0.72109375 0.05625 0.04296875
0 0.8140625 0.771875 0.05390625 0.0421875
0 0.81484375 0.8234375 0.053125 0.0421875